20.792123873730688, 59.08017156054108
21.132123664684464, 59.24249422632795
22.624303751343998, 58.56614978554933
23.1259519677254, 58.14681623226659
23.699647653519655, 58.02507423292643
24.501348390950948, 58.51204223028704
25.014507614106684, 58.714945562520626
25.49336411161591, 58.82316067304521
26.408592104688278, 58.907703728142536
27.011481915685245, 59.03959089409436
27.88009990566055, 59.120752226987804
28.491466202336348, 59.201913559881234
29.09176949718149, 59.14780600461894
29.595802410573267, 59.201913559881234
30.745030693174684, 59.059881227317724
31.505596700111443, 59.08017156054108
32.636403829440354, 59.18162322665788
33.71821740801692, 59.15118772682284
34.833186909003, 59.283074892774664
36.18245223927579, 59.333800725833065
36.67525601145466, 59.44539755856154
37.959072006282554, 59.44539755856154
38.83186643413538, 59.24249422632795
40.116903287279825, 59.323655559221386
40.54964730095928, 59.607720224348405
41.66578084544863, 59.62801055757177
42.58357605667599, 59.50626855823161
43.40058430647919, 59.52655889145497
44.71084895176382, 59.81062355658199
45.691065210214184, 59.90193005608711
46.31697039741468, 59.85120422302871
47.72963243204495, 59.50626855823161
48.513417697407995, 59.52655889145497
50.07153819617889, 59.68888155724184
51.217866145558645, 59.68888155724184
52.77130130730278, 59.68888155724184
54.08147152244704, 59.52655889145497
54.82523896702595, 59.3642362256681
56.48863354869786, 59.343945892444744
57.88454352859159, 59.41834378093039
59.63709303721934, 59.52655889145497
60.78187960983699, 59.52655889145497
62.97019801001447, 59.40481689211482
64.64594717215024, 59.39129000329925
65.77044434371544, 59.30336522599802
67.58438903086797, 59.21205872649291
68.50621526202461, 59.283074892774664
70.58811366811088, 59.16133289343452
72.53422571181686, 59.09031672715276
73.92981141465454, 58.999010227647645
75.76161591622459, 58.93813922797757
77.85149410006474, 58.83668756186078
79.49333488508638, 58.74199934015177
81.09529208851673, 58.67436489607391
82.88001490889111, 58.593203563180474
86.40986105691599, 58.47146156384032
88.31154544526902, 58.39030023094689
90.17164965674102, 58.34971956450018
92.07569695562097, 58.20092378752888
94.44411239606652, 58.10623556581987
97.04903194308753, 58.01154734411086
99.45689167363439, 57.883041900362926
101.55207846180627, 57.83569778950842
103.60258566998687, 57.68690201253712
105.88195802317455, 57.619267568459264
110.29529182272378, 57.426509402837354
112.11029650069419, 57.37578356977896
116.78078304860773, 57.22698779280766
119.67742842015292, 57.1120092378753
122.42323792968176, 57.0105575717585
124.32459708351402, 56.96997690531178
127.40547623501278, 56.90234246123393
131.63524058064868, 56.7670735730782
135.02209889288022, 56.658858462553624
137.868295585512, 56.584460574067975
140.13499876264447, 56.56417024084461
143.99921467815216, 56.483008907951174
148.7745863887432, 56.4221379082811
152.05320159168505, 56.28010557571759
156.24302992501407, 56.23952490927087
159.67616177424475, 56.22937974265919
161.85565609918405, 56.28010557571759
168.13683258014527, 56.18541735400858
174.66628282869237, 56.03662157703729
180.93720606780252, 56.117782909930725
184.41045523949003, 56.117782909930725
191.05160301387312, 55.97575057736721
195.24958447562722, 55.96560541075553
198.99467667475702, 55.99604091059057
205.02619669852555, 56.03662157703729
209.5302259138684, 56.03662157703729
216.47351867333833, 56.02647641042561
221.22795035515446, 56.03662157703729
224.86517598277922, 56.01633124381393
231.05461492016659, 56.03662157703729
234.85112318800702, 56.03662157703729
245.0767759745317, 55.90135268888156
252.03679616722766, 56.03662157703729
257.5710586693957, 56.05691191026065
262.9835160952349, 56.117782909930725
268.9963802819463, 56.1786539096008
277.8954007983303, 56.28010557571759
283.9947154474933, 56.320686242164314
295.00528200836845, 56.30039590894095
301.4889025242119, 56.28010557571759
306.4427317800823, 56.28010557571759
328.8608748464651, 56.320686242164314
333.36420267675265, 56.28010557571759
356.7606125158481, 56.44242824150446
364.60502753626963, 56.401847575057744
369.58348408685134, 56.44242824150446
380.7929315431119, 56.44242824150446
389.1582161569027, 56.44242824150446
397.70726990313597, 56.44242824150446
403.1455388924219, 56.44242824150446
424.52257089007514, 56.320686242164314
433.85692876134976, 56.28010557571759
440.98572563767027, 56.28010557571759
458.4785588249915, 56.34774001979545
466.85656301005906, 56.34774001979545
481.0411855793579, 56.23952490927087
491.6158842476731, 56.20908940943583
499.6913072339029, 56.21923457604751
521.8920232761839, 56.198944242824155
533.3776789748616, 56.117782909930725
545.0790918638361, 56.1786539096008
566.2312089744529, 56.08734741009569
578.673020929147, 56.07720224348401
591.4054285429571, 56.00618607720225
604.3886677631344, 56.03662157703729
617.6898868592461, 55.95546024414385
631.8025544673372, 56.050148465852864
639.8663813912101, 56.03662157703729
662.8197730012181, 56.1786539096008
688.5575860475803, 56.03662157703729
711.3435593946028, 56.117782909930725
732.9707139796667, 55.96898713295943
755.1809195120769, 56.02647641042561
771.7670410443346, 56.03662157703729
782.3202219486882, 56.03662157703729
814.8535128868964, 56.03662157703729
825.9958603502023, 56.03662157703729
858.0005641773555, 56.06367535466843
884.0351103779225, 56.03662157703729
913.2898900377193, 56.117782909930725
935.8554832060006, 56.198944242824155
970.2953739105097, 56.36126690861103
990.6654094048467, 56.462718574727816
1004.2215593940615, 56.44242824150446
1034.5691401633428, 56.665621906961405
1056.2885162143066, 56.7670735730782
1099.0912870748778, 57.0105575717585
1121.14601393691, 57.11877268228308
1158.1724400284625, 57.335202903332245
1184.6529346620555, 57.39607390300232
1211.6683517997271, 57.57868690201254
1237.1056856231908, 57.68013856812934
1254.034095626821, 57.65984823490598
1300.1410553781093, 57.88980534477071
1326.2386901460127, 57.98449356647971
1387.5334654938056, 58.173870009897726
1412.8702717684907, 58.20092378752888
1447.7467404480271, 58.32942923127681
1480.8193407356496, 58.43088089739361
1513.3109302906541, 58.4849884526559
1571.8452400635547, 58.647311118442765
1596.1750317358292, 58.714945562520626
1666.8972134790768, 58.93813922797757
1703.4330960139614, 59.03959089409436
1769.2697693572147, 59.26278455955131
1803.0750306496382, 59.44539755856154
1867.6465219732513, 59.7091718904652
1913.6871837944577, 59.905311778291
1960.8311225643151, 60.135268888155736
1992.9339580082624, 60.25701088749588
2036.3987583388855, 60.58165621906962
2069.8191070128673, 60.62223688551634
2109.182775843951, 60.98746288353679
2178.7268988683713, 61.31210821511053
2268.7473452376184, 61.84980204552953
2318.272463487912, 62.133866710656555
2383.843925525656, 62.50247443088091
2453.3675321623627, 62.97591553942594
2534.0470793466866, 63.47641042560211
2631.620541588774, 63.99043220059387
2757.9509946907447, 64.39623886506104
2813.2929454477717, 64.50445397558562
2908.948820847065, 64.63972286374134
2989.220942330454, 64.5179808644012
3085.8053763448097, 64.28802375453645
3156.7165887489004, 64.11217419993402
3244.2349489377198, 63.72665786869021
3306.9920807337785, 63.42230287033983
3392.516844504855, 63.0435499835038
3544.3082299941602, 62.394259320356326
3619.2193837704435, 62.20488287693831
3719.470190900992, 61.870092378752894
3812.1413405662042, 61.52853843615969
3906.963479672732, 61.27152754866381
3960.6180176962844, 61.14978554932366
4182.463012003011, 60.784559551303204
4251.433416640757, 60.66281755196306
4380.2941792032525, 60.703398218409774
4476.499061670684, 60.71354338502145
4562.18598304736, 60.82514021774992
4704.632217585063, 60.90630155064336
4803.492787221477, 60.967172550313435
4962.571898470446, 60.99760805014847
5071.540810905742, 61.01789838337183
5183.329871475646, 60.86572088419664
5297.711515310453, 60.66281755196306
5385.386244375217, 60.419333553282755
5499.778797570362, 60.013526888815576
5570.982346141121, 59.62124711316398
5658.145791393808, 59.343945892444744
5736.3502228525795, 59.03959089409436
6025.891572163955, 58.309138898053455
6346.4953945674315, 57.832316067304525
6540.982761512086, 57.19317057076873
6722.980343109006, 56.60475090729133
6930.114223546203, 55.630814912570116
7182.822393571244, 54.57571758495547
7615.184166086826, 53.52062025734082
7775.808925037468, 53.41916859122402
7925.9181696949645, 53.19597492576708
8158.70913277462, 53.250082481029374
8322.532119206744, 53.33124381392281
8521.218848216857, 53.22302870339823
8804.401495700578, 53.02012537116464
8998.806493854143, 52.79016826129991
9206.252247323468, 52.46552292972617
9333.949796180392, 52.059716265259
9515.153717633377, 51.613328934345105
9861.615692619198, 50.666446717255035
10007.654708549826, 50.22005938634115
10210.848650363148, 49.84130649950512
10447.316113683124, 49.30023094688222
10768.151476188494, 48.529198284394596
11068.589814120589, 47.785219399538114
11252.497681662071, 47.40646651270209
11595.153821178514, 47.15960079181789
11914.947428786301, 47.06829429231278
12144.136580097194, 46.98713295941934
12378.214598600878, 46.824810293632474
12802.733784394753, 46.36489607390301
13085.42369113414, 46.13493896403828
13324.798598952482, 46.09435829759156
13653.432063404296, 46.26682612999011
13875.284153184239, 46.64219729462224
14061.968542788081, 47.09534806994392
14212.874704729016, 47.49439129000331
14757.611889105285, 48.36687561860773
15085.515036589868, 47.852853843615975
15254.9509358504, 47.21709006928407
15342.117497260688, 46.66248762784561
15343.308214828829, 46.50016496205873
15486.36652457483, 46.0267238535137
15689.70355259567, 45.255691191026074
15997.035821262483, 44.45084130649951
16217.825234884105, 44.18706697459585
16617.810274300235, 44.3595348069944
17057.91603550319, 44.6064005278786
17497.366925339313, 44.430550973276155
17918.100392420496, 43.97063675354669
18277.059852808194, 44.146486308149136
18569.206030946996, 45.066314747608054
18566.564166815937, 45.36390630155065
18918.927585632526, 45.81029363246454
19180.60284859028, 45.4856483008908
19552.964017001425, 45.039260969976915
19556.378615475936, 44.67403497195646
