19.758449531618215, 65.36610211094748
20.255730687984368, 65.35100638193421
20.76537385660235, 65.35100638193421
21.287839873396972, 65.35100638193421
21.823451366915997, 65.35100638193421
22.372539083184517, 65.35100638193421
22.93544208994435, 65.35100638193421
23.512507986032077, 65.35100638193421
24.103380072097316, 65.41138929798724
24.709831805859473, 65.41138929798724
25.330980116543458, 65.456676485027
25.968126762001948, 65.47177221404026
26.621496349597756, 65.47177221404026
27.291305005822114, 65.47177221404026
27.9779663449333, 65.47177221404026
28.681904387907842, 65.47177221404026
29.40333636890654, 65.48686794305351
30.1442520036253, 65.41138929798724
30.902923298666323, 65.39629356897399
31.68115744926482, 65.35100638193421
32.47826942298921, 65.35100638193421
33.2954370875346, 65.35100638193421
34.133165052977866, 65.35100638193421
34.9919706256092, 65.35100638193421
35.87238412737448, 65.35100638193421
36.774949223355016, 65.35100638193421
37.46785315112569, 65.2906234658812
39.13457207113832, 65.21514482081493
40.11891855918814, 65.23024054982818
41.128328345040025, 65.23024054982818
42.164070801046435, 65.18495336278842
43.22653592024018, 65.10947471772215
44.31380701001474, 65.12457044673539
45.4277541457342, 65.16985763377517
46.86476002739781, 65.00380461462936
48.044253490280745, 64.9887088856161
48.94804267013622, 64.9887088856161
51.127714678693565, 64.8226558664703
52.41294777341146, 64.86794305351006
53.73287293054261, 64.8226558664703
55.086852803884284, 64.74717722140403
56.29827705020901, 64.72704958271969
57.89759826834348, 64.61131566028473
59.1698130277166, 64.626411389298
61.611620587498315, 64.50564555719195
63.163197658427976, 64.46035837015219
64.7548061785226, 64.38487972508591
66.3166764843051, 64.34462444771724
68.05784156198054, 64.27920962199313
69.7727870445553, 64.20373097692686
71.53041731743787, 64.14334806087383
73.33286598800746, 64.06786941580756
74.94646516074029, 64.0225822287678
77.55604063615715, 63.90181639666176
79.50973706482314, 63.84143348060874
81.51325144715702, 63.765954835542466
83.5684871559702, 63.66028473244968
85.6723745434443, 63.630093274423174
87.83247637099385, 63.52442317133039
90.04637601442045, 63.43384879725086
92.21895489380609, 63.37849779086893
94.05477877397948, 63.29798723613157
97.028557163068, 63.16212567501228
99.47425261628706, 63.07155130093275
101.98083989912719, 62.99607265586647
104.2245454326328, 62.9558173784978
107.18667705210864, 62.81492390770742
109.88923010054557, 62.70925380461463
114.07093720345928, 62.55829651448209
116.94706665868449, 62.4526264113893
119.89571345133146, 62.34695630829652
124.07007964547701, 62.231222385861564
127.59812199226477, 62.060137457044675
130.81338444951407, 61.984658811978406
134.11462540545665, 61.83370152184585
137.497143590132, 61.712935689739815
140.81944290200806, 61.58713794796269
144.52453937047818, 61.411021109474724
147.71190599963165, 61.26509572901326
151.90997762967152, 61.12420225822288
155.7321000470968, 61.12420225822288
159.64566600428074, 61.1845851742759
163.652739037658, 61.30535100638194
167.78024089730462, 61.1845851742759
172.01184288812877, 61.06381934216986
176.34495376359706, 61.00343642611684
180.23187120788887, 60.882670594010804
185.3550959717453, 60.73171330387826
190.024333674762, 60.671330387825236
194.81839691039525, 60.535468826705944
199.73193089870202, 60.41470299459991
204.98100831085347, 60.29896907216495
210.14878228463073, 60.19833087874325
214.99904359963713, 60.1178203240059
219.96124957864822, 60.03730976926853
226.21213844740134, 59.90144820814924
231.9123116534626, 59.82596956308297
238.0088693772677, 59.69513991163476
243.75259036308728, 59.62972508591066
249.117293395874, 59.574374079528724
256.19926901333633, 59.41838487972509
265.9427343613915, 59.312714776632305
272.6501022740276, 59.19194894452627
279.52043566232, 59.11647029945999
284.7849800888491, 59.07118311242023
293.78917350001376, 58.93532155130094
301.18994917576583, 58.874938635247915
306.8626216031064, 58.82965144820815
316.5648551784493, 58.69378988708886
324.869957441391, 58.668630338733436
332.71230398604746, 58.58811978399608
341.0961059054531, 58.5126411389298
349.68599352502474, 58.46735395189004
355.15925591232053, 58.46735395189004
367.5256147807252, 58.346588119784
376.7838682339784, 58.28620520373098
386.2753442261724, 58.22582228767796
394.7544196663994, 58.28620520373098
408.51455592479, 58.089960726558665
416.1962894802832, 58.10505645557192
434.7264284132499, 57.954099165439374
445.6577463377656, 57.98429062346588
456.8740717426378, 57.96919489445263
468.39347368043275, 57.86352479135984
480.17846123598355, 57.86352479135984
492.2599643057091, 57.86352479135984
504.66037214435977, 57.80314187530683
517.3731558122773, 57.742758959253806
530.3904938953942, 57.742758959253806
543.7353539785728, 57.742758959253806
557.4159766606095, 57.742758959253806
566.1238677166668, 57.80314187530683
588.9055575548481, 57.58173784977909
604.3361704110603, 57.62199312714777
619.5415365142667, 57.62199312714777
635.1294763730285, 57.62199312714777
651.1144310602675, 57.606897398134514
667.5115686805935, 57.56161021109475
684.3013950052296, 57.576705940108006
701.5135335132615, 57.59180166912126
719.1532879932765, 57.62199312714777
737.2475037024316, 57.62199312714777
769.9634761686212, 57.75785468826706
789.3185861616046, 57.80314187530683
809.1542548981097, 57.86352479135984
829.4577241692251, 57.99938635247914
851.189231250149, 58.044673539518904
871.6638391293236, 58.135247913598434
893.5556369277875, 58.22582228767796
913.1429370489965, 58.346588119784
938.9538655615313, 58.5126411389298
963.5018777019401, 58.668630338733436
986.6294216430572, 58.85984290623466
1011.3487370234828, 59.07118311242023
1036.718045743051, 59.222140402552775
1062.668719436948, 59.47876779577811
1089.277034869569, 59.72029945999019
1116.5598573236555, 59.94673539518901
1144.4837037763127, 60.2486499754541
1173.1579486354333, 60.45999018163967
1202.5328198239977, 60.701521845851744
1232.6249805768805, 60.973244968090334
1263.5542666363158, 61.109106529209626
1295.1351133923688, 61.44121256750123
1327.5740065495793, 61.667648502700054
1360.7650045720898, 61.984658811978406
1394.837395910109, 62.22619047619048
1429.678341927342, 62.588487972508595
1465.4329127502251, 62.89040255277369
1502.0927720598766, 63.17722140402553
1539.7038897647508, 63.418753068237606
1579.9228582952383, 63.62002945508101
1617.882639368728, 63.765954835542466
1658.4666265213436, 63.91691212567501
1710.675479281238, 64.05277368679431
1755.334473428685, 64.28424153166422
1797.4157026668083, 64.53583701521846
1842.2852012382211, 64.92832596956309
1888.2189336576291, 65.38119783996073
1935.3408711094955, 65.78878252331862
1983.6681128101063, 66.16617574864998
2033.2923523777724, 66.45299459990181
2084.158011886994, 66.73981345115367
2136.533147406556, 66.80019636720668
2190.354063811988, 66.73981345115367
2245.730063303301, 66.49828178694159
2302.5230937834567, 66.24165439371626
2360.665088517158, 66.0605056455572
2420.2394532220483, 65.90954835542465
2481.262200564734, 65.80387825233186
2543.804732986057, 65.71330387825233
2610.6381713466976, 65.61266568483063
2673.6984092472962, 65.50196367206676
2741.294203094769, 65.26043200785469
2810.5365800954273, 65.06418753068237
2899.591753785987, 64.79246440844379
2972.876542098039, 64.56602847324497
3048.1037115266636, 64.27920962199313
3125.303806725972, 63.94710358370153
3204.6013643573506, 63.52442317133039
3285.570720054586, 63.31308296514482
3368.4613346010683, 63.17722140402553
3453.213315873783, 63.17722140402553
3540.0976945873945, 63.17722140402553
3629.1681228073453, 63.17722140402553
3731.83310543867, 63.29798723613157
3837.4023620804674, 63.418753068237606
3933.982201556423, 63.40365733922435
4033.0524179080953, 63.35837015218459
4135.19855861482, 63.026264113892985
4226.9907873882, 62.593519882179685
4294.125158727421, 62.13058419243987
4362.282763195103, 61.6877761413844
4458.939879511525, 61.33554246440845
4571.36543365304, 61.229872361315664
4686.105755851407, 61.3506381934217
4808.477068199825, 61.56701030927836
4923.897979417855, 61.758222876779584
5047.30015336416, 61.95446735395189
5174.254197248075, 61.969563082965145
5304.676109456264, 61.87898870888562
5438.827865668918, 61.622361315660285
5576.660922028041, 61.26006381934217
5717.9024265236885, 60.927957781050566
5862.417690912078, 60.701521845851744
6010.4076550253385, 60.535468826705944
6162.270173938897, 60.324128620520376
6318.016466370978, 60.097692685321555
6518.113875111432, 59.85616102110948
6683.051520484363, 59.569342169857634
6852.4668921693155, 59.19194894452627
7004.772148667712, 58.702176403207325
7138.2087658413575, 58.22582228767796
7296.787069952904, 57.75785468826706
7480.524995111494, 57.71759941089839
7611.813711522978, 58.131893307151046
7688.633142898849, 58.76926853215513
7687.495989801178, 59.07118311242023
7781.533572972315, 59.6146293568974
7827.940730944641, 60.15807560137458
7874.857602768365, 60.64113892979873
7971.344299474457, 61.14432989690722
8145.197622537025, 61.48649975454099
8350.628454504194, 61.365733922434956
8535.32052468812, 61.09401080019637
8698.07039347782, 60.580756013745706
8835.867309497216, 60.198330878743256
9004.125975544217, 59.73539518900344
9204.859830857553, 59.11143838978891
9380.700095353015, 58.527736867943055
9500.48393729231, 57.98932253313697
9622.200561787593, 57.36536573392244
9745.596696937188, 56.71624938635248
9902.136681136988, 55.89101620029456
10152.880548698686, 55.56897398134512
10408.639433576798, 55.5085910652921
10671.314594366817, 55.35763377515955
10904.967673123545, 55.52871870397644
11073.303655733376, 55.961462935689745
11174.308479524772, 56.447880870561285
11417.755061923328, 56.83701521845852
11670.302399293041, 56.561937489772546
11819.477981479087, 55.99668630338734
12007.287376508786, 55.51865488463427
12123.255238629104, 54.91985763377516
12278.81597657879, 54.255645557191954
12436.771368304419, 53.52601865488464
12595.382080711865, 53.019473081328755
12795.625598486035, 52.52466863033874
13119.735993505965, 52.18753068237604
13449.23756813358, 52.27810505645557
13784.97545278353, 52.6705940108002
14084.372834474918, 53.19391261659303
14345.926907744142, 53.67697594501718
14612.914541920618, 54.07952871870398
14931.729527116868, 54.4066028473245
15307.305258309467, 54.421698576337754
15646.707730137328, 54.0392734413353
15846.177811830728, 53.542791687121586
16048.454560651178, 53.01276386843398
16252.885994487287, 52.5364097529046
16461.774669367605, 51.83026509572902
16671.895823492647, 51.3019145802651
16885.156873510914, 50.71821305841925
17028.9002682266, 50.322369497627236
17210.2166885044, 49.83762886597938
17430.06296871516, 49.28915071183113
17654.24077553511, 48.5645557191949
17844.31226977426, 47.839960726558665
18053.512111416534, 47.29651448208149
18113.962366845222, 46.81345115365734
18116.105904222422, 46.571919489445264
18290.848035363822, 45.99828178694158
18410.275006821656, 45.39445262641139
18512.309560255075, 44.67992145311733
18632.815055667266, 44.11634756995582
18772.97731238844, 43.613156602847326
18717.52459214443, 43.31124202258223
18898.906405551053, 42.647029945999016
19002.993226272905, 42.00294550810015
19146.223279353853, 41.469563082965145
19089.950403521358, 41.13745704467354
19272.660548806096, 40.7147766323024
19397.924253882404, 40.171330387825236
19585.89946717371, 39.507118311242024
