21.114355637491986, 94.4703227586207
21.99191440476526, 94.58025931034484
22.444277963457527, 94.6413351724138
22.94838427780781, 94.76348689655174
24.124408983684482, 94.98336
24.941719747621462, 94.98336
25.266989827000145, 94.98336
26.17140818220293, 95.05665103448277
27.058069224517755, 95.05665103448277
28.374586531933947, 95.06886620689656
29.681814700937135, 95.20323310344828
30.915455791699884, 95.27652413793105
31.668391241555703, 95.27652413793105
33.168270355514466, 95.3498151724138
35.06218785843759, 95.42310620689656
36.11611099165488, 95.42310620689656
37.82664311627753, 95.42310620689656
38.9636621292712, 95.42310620689656
46.59802223982784, 95.42310620689656
48.206450443242275, 95.42310620689656
49.931974493339126, 95.42310620689656
52.62701419360296, 95.3498151724138
55.28301884596037, 95.27652413793105
59.8629736263046, 95.20323310344828
62.46652735657441, 95.12994206896553
64.58283060896997, 95.05665103448277
67.26703419961093, 94.98336
68.1442773799158, 94.98336
69.93323386028099, 94.91006896551725
72.7051111491554, 94.83677793103449
76.85659330609165, 94.69019586206898
80.1003275793734, 94.61690482758621
82.30466059770195, 94.54361379310346
87.16547253303656, 94.39703172413795
89.28835807985672, 94.32374068965518
90.9564634814781, 94.25044965517242
93.17167732823981, 94.17715862068967
99.59174434426959, 93.99393103448277
102.01726753031019, 93.90842482758622
110.0607522310734, 93.66412137931036
120.28691229476706, 93.37095724137932
123.21645928351764, 93.29766620689657
129.77085518176466, 93.0533627586207
134.91445953666695, 92.93121103448277
143.67796798476118, 92.67469241379311
145.82136544230647, 92.63804689655174
152.1634119019486, 92.47314206896553
155.86930023702377, 92.38152827586208
160.55452586930423, 92.27159172413795
165.9939520654249, 92.12500965517242
171.61766056179746, 92.01507310344829
186.87023503314947, 91.68526344827588
194.99757432194073, 91.53868137931036
201.2310756304787, 91.39209931034483
206.8964992855381, 91.29437793103449
211.93539341709322, 91.20887172413794
219.52150720571385, 91.07450482758622
222.79634361258135, 91.02564413793104
229.83339073409292, 90.92303668965519
236.39157413802914, 90.80577103448277
243.9483203788, 90.69583448275863
251.2810852135206, 90.5858979310345
257.8778376198851, 90.51260689655173
263.1822660651104, 90.43931586206898
269.0934315908826, 90.36602482758622
291.926489974433, 90.12172137931036
296.830389374756, 90.07286068965519
307.45527403140153, 89.95070896551725
319.0504824312822, 89.82855724137931
345.4824105836475, 89.63311448275863
358.51175464622975, 89.55982344827586
364.5341802876044, 89.55982344827586
376.18727032080614, 89.66976000000001
383.92526935103945, 89.61479172413794
392.5483648604429, 89.54516524137932
402.8537341177714, 89.50485517241381
410.98807525247895, 89.48653241379311
416.5020143060792, 89.48653241379311
461.1371558986719, 89.25444413793105
472.3679950705474, 89.21779862068966
482.0843873467988, 89.18726068965518
493.8253892424554, 89.08343172413794
503.9831502421938, 89.11396965517243
515.4935865903382, 89.08343172413794
526.8766680579623, 88.99792551724138
538.7105018611385, 89.02235586206898
550.8101277006135, 89.01624827586207
563.1815153582627, 88.9857103448276
575.8307686993456, 88.96128000000002
588.7641286840658, 88.93684965517242
601.9879764467701, 88.96128000000002
615.5088364443094, 88.93684965517242
629.3333796751122, 88.93684965517242
643.4684269705584, 88.93684965517242
657.9209523602829, 88.96128000000002
672.6980865130565, 88.9734951724138
687.807120254962, 88.9734951724138
703.2555081665773, 88.9734951724138
719.0508722609621, 89.00403310344828
735.2010057442488, 89.04678620689657
751.713876860699, 89.07121655172415
768.5976328241202, 89.12007724137932
783.4399781772576, 89.18115310344828
799.0618085115226, 89.26665931034483
821.5584515255886, 89.3399503448276
836.9069932639416, 89.39491862068967
860.469122829996, 89.50485517241381
878.1685767012718, 89.60868413793105
897.8925493458752, 89.73694344827587
919.0796847737108, 89.87497489655173
936.943591327587, 89.99040827586208
963.3221333551169, 90.2133351724138
984.95868459407, 90.3904551724138
1007.0812003233098, 90.5614675862069
1029.7005954748497, 90.73248000000001
1052.8280301338862, 90.9157075862069
1076.4749150450239, 91.09282758620691
1098.617508656938, 91.26017544827587
1125.3739658048928, 91.48982068965518
1151.0763040577315, 91.71457986206897
1175.1883847957874, 91.91246565517243
1202.9187356935947, 92.14333241379312
1228.5715112183216, 92.35221186206897
1258.95893082695, 92.60140137931036
1290.5756301969413, 92.85792000000001
1313.875552344488, 93.02893241379311
1354.7056141691792, 93.25369158620691
1389.7554214610143, 93.29766620689657
1420.9698131425685, 93.48089379310346
1455.5770514345982, 93.66412137931036
1530.1703017946954, 94.1099751724138
1589.642813010918, 94.41168993103449
1653.874043844249, 94.72684137931036
1716.8828574326415, 95.04199282758621
1758.0460135224407, 95.22766344827588
1786.4757951937477, 95.37424551724139
1846.9998021409137, 95.64297931034484
1900.1719391876777, 95.86285241379312
1960.9148705321338, 96.15601655172415
2011.1525002869284, 96.40032000000001
2053.7877681835603, 96.58660137931035
2131.243252582836, 96.99886344827587
2195.3056144491065, 97.3042427586207
2244.612944538951, 97.62183724137932
2307.80737528281, 97.90889379310346
2359.641534175262, 98.00050758620691
2390.4141030635687, 98.06158344827587
2508.2674269779286, 98.40360827586208
2607.685244966356, 98.50132965517243
2813.286481698771, 98.42803862068966
2984.9557184225505, 98.20816551724138
3074.679551287064, 98.13487448275863
3192.999621595632, 97.97363420689656
3268.3432865509308, 97.87835586206897
3360.359637954241, 97.76841931034484
3429.480689279425, 97.69512827586207
3625.3049946696283, 97.43860965517243
3736.581624496364, 97.3042427586207
3832.3109226015267, 97.1454455172414
3930.4927560549413, 97.01107862068966
4083.761532034455, 96.7912055172414
4235.160511566559, 96.54079448275863
4394.883153805399, 96.30259862068966
4560.629492755154, 95.91782068965519
4741.394840160582, 95.3498151724138
4856.869904832891, 94.87342344827587
4993.609350080963, 94.16494344827586
5115.227013677466, 93.45340965517242
5210.790847479893, 92.82127448275864
5317.974417222067, 92.06393379310346
5427.362703668277, 91.20887172413794
5508.328460515928, 90.74164137931035
5580.163700977523, 90.26830344827587
5642.481933630362, 89.85298758620691
5705.496124740541, 89.40102620689656
5769.214046642934, 88.93684965517242
5833.643558472452, 88.52153379310346
5920.670240063479, 88.13980965517243
5975.719970561966, 87.63593379310345
6087.35972938199, 86.95799172413794
6212.573917630492, 86.3105875862069
6363.87905021371, 85.58378482758621
6526.918356168981, 84.89362758620692
6677.634017646116, 84.31951448275862
7150.985722580429, 83.18350344827587
7356.851035841311, 82.9392
7629.594615665668, 82.81704827586208
7786.531865793107, 82.96363034482759
8000.814501192155, 83.35451586206898
8155.3177768485575, 83.80647724137933
8369.415117774073, 84.42945103448277
8589.133045492828, 85.19900689655174
8765.807559545074, 85.94413241379311
8929.572368912191, 86.71368827586208
9079.574941782128, 87.3977379310345
9215.02464307434, 88.07568
9335.199668191244, 88.53374896551725
9456.941920442248, 89.01014068965517
9705.210127010647, 89.59646896551726
9978.448874349331, 89.77969655172416
10240.407933335864, 89.55982344827586
10451.048411919237, 89.37659586206897
11212.61810146668, 88.82691310344828
11379.888682114502, 87.92909793103449
11485.697615842015, 87.10457379310346
11549.65461638066, 86.57321379310346
11685.846904155036, 86.04185379310346
12051.970898687634, 86.89202979310346
12322.662370263866, 86.55489103448276
12483.364735934321, 85.71204413793104
12576.133864367534, 85.10739310344829
12716.581793501871, 84.17293241379312
12787.39285398939, 83.54995862068967
13002.200657672658, 82.15742896551725
13074.602159286227, 81.68103724137933
13220.616889833105, 80.92369655172413
13393.029664441445, 80.14192551724139
13618.011200531997, 79.5922427586207
14197.138782035701, 79.90372965517241
14610.358011442826, 80.01977379310347
14910.8863520948, 78.84100965517243
14993.916186097853, 78.27300413793104
15049.5261077127, 77.75996689655173
15161.365459512308, 76.7583227586207
15217.596422411732, 76.22085517241379
15274.03593652622, 75.78110896551725
15330.684775337266, 75.04819862068966
15387.54371519508, 74.24199724137932
15444.613535329192, 73.72896
15501.89501785926, 72.77617655172415
15559.388947805597, 72.04326620689656
15617.096113100057, 71.49358344827587
15675.017304596795, 71.01719172413794
15791.504944290335, 69.29485241379311
15850.072988904769, 68.56194206896552
15908.85825257857, 67.82903172413793
15967.86154094081, 67.09612137931035
16027.083662608517, 66.4731475862069
16086.525429197698, 65.5936551724138
16146.187655334614, 65.19055448275863
16206.071158666738, 64.42099862068966
16266.176759874093, 63.651442758620696
16326.505282680468, 62.97960827586208
16387.057553864666, 62.36884965517242
16478.307304977196, 61.3427751724138
16570.065171536975, 60.719801379310354
16693.204287998105, 59.950245517241385
17036.57581803911, 59.107398620689665
17258.753295163704, 58.59436137931036
17387.010342434533, 58.19126068965518
17548.672822308665, 57.47667310344828
17810.465087596134, 56.24904827586208
18042.735013304315, 55.827624827586206
18345.824182840384, 56.19408
18757.877795239387, 56.97279724137931
19143.718709167755, 55.80930206896552
19250.31866232208, 55.11303724137932
