20.27209224732853, 66.10567580615536
20.769991203159403, 66.10538482322957
21.280118959411723, 66.10509384030377
21.80277586529889, 66.10480285737799
22.33826964685355, 66.10451187445219
22.886915588108216, 66.10422089152641
25.21960168464163, 66.10305695982323
25.839015467494196, 66.10276597689744
26.2338510669152, 66.10258411256882
27.123856592297045, 66.20722884725645
27.790040413416484, 66.20693786433065
28.47258624714321, 66.20664688140486
29.17189595771961, 66.20635589847907
29.888381279498354, 66.20606491555327
33.94888566037286, 66.0994924189823
34.782697706790955, 66.0992014360565
35.6369888503938, 66.09891045313071
36.5122620743456, 66.09861947020492
37.40903271548333, 66.09832848727913
38.3278287677328, 66.09803750435334
39.26919119297697, 66.09774652142755
40.233674239559534, 66.09745553850176
40.97255051502229, 66.09723730130742
43.79976507094371, 65.99139226205091
44.8755226705242, 65.99110127912512
45.97770174545235, 65.99081029619933
47.106951228498744, 65.99051931327354
47.97205264739665, 65.99030107607919
50.35745568878273, 65.88467427401704
51.594275465441385, 65.88438329109124
52.86147253457861, 65.88409230816546
53.83225357011781, 65.8838740709711
56.509054213498125, 65.77824726890896
57.89696221749802, 65.77795628598315
59.31895836284758, 65.72514288495208
61.14566741510739, 65.67225673818955
62.080009757841495, 65.67207487386094
65.76258955024137, 65.5663389532016
66.97029474123016, 65.56612071600725
70.30038248903729, 65.4604939139451
71.80888930584648, 65.46023930388503
74.69680651131759, 65.35472162042004
76.06858523218264, 65.3545033832257
78.88818191796713, 65.24902207262643
80.82573937011068, 65.24873108970064
83.8216671392212, 65.14324977910138
85.7936136242134, 65.10795597506063
87.98968682346543, 65.03762297703922
90.05968804831473, 65.00232917299849
92.36496065429439, 64.93199617497706
95.49851985322086, 64.84405870994527
98.43936735809805, 64.79117256318276
102.29480223669044, 64.68566700400635
104.91325906727424, 64.61533400598492
109.46402704617668, 64.50977994965422
112.8349380436176, 64.4043713847864
115.72319245917615, 64.33403838676497
117.7293205793948, 64.29881732845568
121.35475874544107, 64.19340876358787
124.46109640887003, 64.12307576556645
127.38910571670341, 64.0877819615257
131.31201399079288, 63.98237339665789
134.67322914986167, 63.91204039863648
137.84148396879198, 63.82422417649044
140.3728909109643, 63.77148352119081
144.69563085104284, 63.666074956322994
149.15148823615158, 63.56066639145517
154.68001279891092, 63.45518508085591
159.92766270383788, 63.349740143122375
164.18726703743084, 63.244380075408856
169.41455520298894, 63.138959386252466
174.6316242499683, 63.03355082138465
180.00935133136704, 62.928142256516836
184.61708022136452, 62.85780925849541
187.81752352261026, 62.82258820018612
193.0150021545796, 62.717216008184025
197.75560647208036, 62.61188018904765
203.84542946371147, 62.50647162417984
210.76105759942735, 62.4010266864463
217.2513794527839, 62.295618121578485
224.62181574963586, 62.19017318384494
230.83778040371323, 62.08480099184285
236.50734269788006, 62.005726381759125
242.31615402030917, 61.9266517716754
246.76619893295958, 61.873911116375766
254.3652880239256, 61.76850255150795
262.19838872289193, 61.663093986640135
268.9099238831141, 61.59276098861872
274.95804022287757, 61.52246436346303
281.14218616962313, 61.45216773830733
288.9222403294034, 61.34679554630524
299.63157834056386, 61.24131423570597
310.7378740954637, 61.13583292510671
318.69188242389976, 61.0654999270853
324.2165895584837, 61.030278868775994
334.2007395736704, 60.92487030390818
342.40897961330245, 60.872056902877105
348.69719157314677, 60.81931624757747
360.5270379191383, 60.713871309843924
375.0262488930009, 60.60835362637894
384.62585729529223, 60.53802062835753
393.6743722344049, 60.50272682431678
403.75131970841096, 60.43239382629537
411.9982808907639, 60.39713639512034
425.97567008555995, 60.291691457386804
447.15724566764493, 60.18606465532464
479.46429503597074, 60.08018324320241
492.7325214586331, 59.97481105120033
500.26176887555084, 59.97462918687171
518.8047248309013, 59.92167029437773
549.5801677362167, 59.76341195561311
563.0783004559551, 59.76312097268732
576.9079582153798, 59.76282998976153
589.2872591071655, 59.76257537970146
687.8680475321482, 59.76072036354954
713.3649127776214, 59.76028388916086
730.8857310959756, 59.75999290623507
746.5690896870717, 59.759738296175
781.3187832661638, 59.86423753939972
798.0843351583154, 59.86398292933965
820.1697412519343, 59.96870040975871
840.3137724052668, 60.020931844938204
855.7458183744708, 60.073236025849155
881.2068951233521, 60.212944203094594
904.6774607890954, 60.352688753205754
931.5944047782446, 60.51865813950384
955.4405795514367, 60.66716855025446
980.8883273915618, 60.87694299117267
1004.9797368048803, 61.069234207966275
1032.7905640889305, 61.30525773364856
1059.2270735495372, 61.54130550790799
1084.1459182323254, 61.75111632169194
1110.7734174598565, 62.013437429292594
1139.2060668084403, 62.27574641260466
1164.828218373278, 62.48556935067718
1191.0266437747268, 62.73040723415322
1225.2240289744277, 63.010187317301344
1252.7808307558764, 63.22001025537385
1284.8484671537349, 63.48231923868593
1312.4187676648394, 63.67464682834526
1344.6528324106368, 63.901952990542384
1381.863441052431, 64.11171530717203
1415.8031230549896, 64.32151399666739
1449.1105969723505, 64.51381733774957
1496.7589053203742, 64.75853397833986
1531.9709043530952, 64.95083731942204
1568.0112832080263, 65.14314066050422
1617.9326137233006, 65.37036195268132
1657.6703452385914, 65.58016064217668
1698.3840675291392, 65.78995933167204
1740.097751716522, 65.99975802116741
1782.835957672421, 66.20955671066277
1826.6238484787987, 66.41935540015814
1865.8195744423974, 66.61168298981747
1917.4524422781121, 66.89147519725415
1962.5614663853273, 67.1012860110381
2012.797474127017, 67.36359499435017
2064.3193811982574, 67.62590397766225
2112.8835232224683, 67.83571479144618
2171.3533973738354, 68.13301447158464
2245.0183928901265, 68.42586453781621
2300.1578575296685, 68.67505504089054
2356.651591947295, 68.8848537303859
2407.220662348172, 69.04216637464171
2473.8357348948166, 69.25192869127135
2547.4399759648204, 69.44415928662207
2610.007158897892, 69.54891313990686
2660.6274970254444, 69.618712669231
2742.5607013102945, 69.72339377678433
2809.9202068228615, 69.72310279385854
2878.934116185352, 69.72281181093275
2949.6430628922944, 69.66999840990167
3086.936709279616, 69.51188556259994
3169.1559374110548, 69.3715105494829
3240.434168915243, 69.23118403352015
3333.4752239309923, 69.02075488101892
3411.896889533532, 68.85415503171495
3538.363986727514, 68.48606163058923
3691.845764642507, 68.0653730656268
3782.5204778826455, 67.80246999217457
3875.4222353021273, 67.51330570966968
3970.6057349043926, 67.25040263621744
4068.127018120017, 67.04002198087049
4193.403736640362, 66.77704616168681
4292.055648978097, 66.56667763062845
4401.920101380167, 66.25124001478234
4510.034813733897, 65.93581452322482
4620.804910728445, 65.62038903166729
4734.295610754885, 65.25244112200448
4850.573734020636, 64.92388502592064
4969.707741891373, 64.51654530267885
5091.767777199195, 64.09607497491075
5216.825705540798, 63.67560464714265
5344.955157589968, 63.25513431937455
5476.231572449296, 62.83466399160645
5610.732242066662, 62.41419366383835
5748.536356742579, 61.993723336070246
5889.725051755307, 61.573253008302146
6034.381455131053, 61.152782680534045
6182.59073658748, 60.73231235276594
6334.440157679287, 60.41688686120841
6490.019123175427, 60.0489389515456
6649.419233698172, 59.75977466904072
6812.734339655057, 59.523132804641136
6980.060596495388, 59.312752149294184
7151.49652132398, 59.15489391205253
7327.143050905286, 59.04955809291616
7507.1036010922035, 58.99674469188508
7738.282544263872, 59.127687008491066
7920.329496845871, 59.31123661322236
8123.067470017797, 59.62606801463973
8322.576566667589, 59.91465033129302
8526.985767839826, 60.17697143889367
8736.415424058545, 60.49181496459962
8950.988841753837, 60.80665849030556
9170.832355861283, 61.04271838885357
9310.968155345256, 61.09505894263023
9685.424652240632, 61.04206367727054
9923.306502929465, 60.726638185713014
10136.240984577427, 60.27118928540711
10291.128804899236, 59.8858430216397
10416.741413598851, 59.544301812492435
10543.887238699062, 59.15023818523987
10672.584994503755, 58.782435767039956
10802.853623741956, 58.414633348840034
10934.712300355965, 57.99430851253483
11068.180432323528, 57.626506094334914
11203.277664514453, 57.25870367613499
11374.470443036258, 56.838342466964065
11583.358309112587, 56.40043741222564
11796.082322182525, 55.99754730289075
12049.202859576904, 55.57711334798837
12345.141011849682, 55.15664302022027
12648.34764411996, 54.814956319610104
12959.001276125957, 54.57831445521052
13277.28481219483, 54.42045621796886
13617.145649186867, 54.29760080184215
13937.49578555366, 54.20978457969612
14265.382318498272, 54.12196835755009
14630.535649420513, 53.94659052331809
14989.873419504547, 53.57864261365528
15265.156799687928, 53.15824503161863
15451.481954505212, 52.73792019531342
15640.08137769545, 52.238811731850284
15830.982828777407, 51.634658432176565
15975.686512950324, 51.16184755063179
16072.889708027002, 50.79411787816333
16170.684330653627, 50.426388205694856
16269.07397933894, 50.006136115121095
16417.782051879654, 49.48080281547104
16618.176048660313, 48.87664951579732
16821.016036855577, 48.32501863422889
17078.051215232896, 47.904657425057955
17391.683194229892, 47.536782261126596
17711.07490640779, 47.133892151791706
18036.332127097354, 46.85355435136915
18648.229907937613, 46.616803368372395
18990.697627298978, 46.30145062254631
19222.496404208174, 45.9336482043464
19457.124496502776, 45.48706215898854
19694.616438556342, 45.06673732268334
19874.63580866467, 44.804016113559726
