19.850535072644924, 67.43854412042822
20.443714485777125, 67.4948592948462
21.0552659144541, 67.49521487605799
21.685111237333942, 67.49557045726979
22.333797696315596, 67.49592603848158
23.001888903442662, 67.49628161969338
23.689237980469755, 67.55259679411135
24.39787570583537, 67.55295237532314
25.127132934086152, 67.59527765143957
25.878585078649778, 67.60962313095291
26.652510154249782, 67.62396861046625
27.44852676408965, 67.70826358148732
28.269402522422073, 67.72260906100065
29.115050876220938, 67.72296464221245
29.985995878497448, 67.72332022342425
30.882994250909398, 67.72367580463604
31.806825351617917, 67.72403138584784
32.758291852433764, 67.72438696705963
33.73822043621976, 67.72474254827142
34.74746251515522, 67.72509812948321
35.78689497048648, 67.725453710695
36.857420914406276, 67.72580929190681
37.959970474723946, 67.7261648731186
39.09550160300806, 67.7265204543304
40.26500090690393, 67.72687603554219
41.46948450734883, 67.72723161675398
42.709998921430014, 67.72758719796579
43.98762197165228, 67.72794277917757
45.30346372240564, 67.72829836038937
46.659741889861365, 67.68668424669653
48.05809932825427, 67.5891105397975
49.49798454942845, 67.50552673120004
50.978662788644364, 67.50588231241183
52.50363390297519, 67.50623789362362
54.07422286548663, 67.50659347483543
55.69350423526657, 67.45098946284102
57.35995497479547, 67.43735514575128
59.07762934051225, 67.3817511337569
60.8462733309706, 67.34013702006405
62.66834735449327, 67.28453300806967
64.54498435394608, 67.22892899607528
66.47781824666933, 67.17332498408089
68.47010855664982, 67.07575127718188
70.51939978247316, 67.04812706179058
72.63281325718961, 66.95055335489155
74.80841570397114, 66.88095944459563
77.0497763423906, 66.79737563599815
79.35890030045312, 66.69980192909914
81.73722697014978, 66.60222822220011
84.1855379058658, 66.53263431190419
86.70918084441251, 66.42107070670362
89.30778990438004, 66.3234969998046
91.98568945074393, 66.19794349630249
94.74315874302657, 66.08637989110193
97.58328912034634, 65.97481628590135
100.51087301561091, 65.82128298579616
103.52469769474948, 65.69572948229404
106.62971056054029, 65.55618608049039
109.82700895796685, 65.43063257698827
113.12278344984091, 65.26310937858153
116.51656574597587, 65.10957607847632
120.01308567226566, 64.94205288006958
123.61358305252736, 64.78851957996439
127.32405312106533, 64.6070064832561
131.14489255263913, 64.43948328484935
135.08246443828114, 64.24398028983951
139.13612432412543, 64.07645709143277
143.31472973926145, 63.86696419812138
147.616562935474, 63.68545110141309
152.0486900031486, 63.48994810640326
156.61629418150082, 63.26646531479033
161.31863450752584, 63.0709623197805
166.16343612170064, 62.861469426469114
171.15373923204362, 62.651976533157736
176.2952668206121, 62.42849374154481
181.58985411904354, 62.21900084823343
187.04057969321104, 62.037487751525134
192.65787558205966, 61.827994858213756
198.44082647760655, 61.64648176150547
204.40050025845545, 61.436988868194085
210.53592582799752, 61.25547577148579
216.8521874685384, 61.101942471380596
223.3579424744271, 60.948409171275394
230.0588758121128, 60.79487587117019
236.95902413606424, 60.65533246936654
244.06238158748994, 60.54376886416597
251.37674795347527, 60.44619515726695
258.90634571220494, 60.37660124697102
266.66352766634094, 60.293017438373546
274.6468007080385, 60.2514033246807
282.86256029866513, 60.2517589058925
291.3307939258873, 60.21014479219966
300.04794009314014, 60.1965104751099
309.01880308049977, 60.224845852924794
318.25787781666526, 60.25318123073967
327.775699266369, 60.267526710253016
337.570387229101, 60.323841884671
347.65509432768323, 60.39414695739051
358.0410758303949, 60.46445203011003
368.734501767257, 60.5487470011311
379.75604741169633, 60.59107227724752
391.0980230709248, 60.675367248268586
402.7911104439205, 60.703702626083476
414.8337988996297, 60.73203800389836
427.22342345416405, 60.816332974919426
440.00334635709004, 60.81668855613122
453.1620883075764, 60.831034035644564
466.703608504001, 60.88734921006254
480.65346971551884, 60.92967448617896
495.03169419657195, 60.93003006739076
509.84002758612866, 60.93038564860255
525.0913361232306, 60.930741229814345
540.7988709264317, 60.93109681102614
556.9762795070511, 60.93145239223793
573.6376176268285, 60.93180797344973
590.8064313089662, 60.90418375805844
608.4984441880891, 60.84857974606405
626.7106326727932, 60.820955530672755
645.4579979348509, 60.821311111884555
664.7661701881194, 60.82166669309635
684.6729467926275, 60.76606268110196
705.1758424124409, 60.710458669107574
726.2704088717728, 60.710814250319366
748.0247043163321, 60.64122034002344
770.4187883845677, 60.59960622633059
793.4832981731845, 60.557992112637756
817.2508507099856, 60.48839820234183
841.6915581326529, 60.502743681855165
866.7966529996872, 60.65698814438396
892.636852784984, 60.83921240351584
919.2191549447646, 61.0773962558539
946.6148633912679, 61.273610413287315
974.8195701071635, 61.48381446902229
1003.8646455006432, 61.694018524757254
1033.7671935783314, 61.91821247879378
1064.5604617202694, 62.142406432830285
1096.287811913182, 62.338620590263716
1128.94340861105, 62.56281454430023
1162.5628079394132, 62.80099839663829
1197.1833770364103, 63.039182248976346
1232.8254672587223, 63.29135599961596
1269.548169837532, 63.51554995365247
1307.36474735688, 63.73974390768899
1346.318117619629, 63.94994796342395
1386.4214746014923, 64.17414191746047
1427.7194075310208, 64.39833587149698
1470.23621441835, 64.63651972383505
1514.03077306154, 64.86071367787156
1559.0939565954684, 65.12687732681272
1605.5107115654523, 65.37905107745232
1653.3093685900426, 65.63122482809192
1702.5441375359344, 65.86940868042998
1753.2047221440034, 66.14956222767267
1805.4004693314748, 66.40173597831227
1859.1501685418107, 66.65390972895189
1914.5000834462621, 66.90608347959149
1971.4978550606104, 67.1582572302311
2030.2081262387198, 67.39644108256915
2090.6828091301472, 67.62063503660568
2152.9588774182503, 67.84482899064218
2217.0899897448357, 68.0690229446787
2283.113878226409, 68.30720679701676
2351.1580674946567, 68.50342095445018
2421.230194018824, 68.69963511188361
2493.3715581099405, 68.90983916761859
2567.7018165131885, 69.09206342675046
2644.2885388950003, 69.24630788927925
2723.180512485836, 69.3865624535065
2804.4907966247993, 69.48484732282911
2888.2510594794576, 69.56914229385018
2974.855444273283, 69.44358879034806
3064.197785301334, 69.23409589703668
3156.4171192406784, 68.91268381731294
3251.4617783042377, 68.5632919409861
3349.1884211747156, 68.31182935277009
3449.799396687422, 68.08834656115717
3553.2418427419807, 67.96279305765506
3660.0388529098686, 67.71133046943905
3756.2482454259684, 67.42718033753461
3841.0354841473977, 67.0357298710002
3913.4320124775013, 66.57894876474043
3987.3971224687552, 66.0289016698037
4047.798183051311, 65.48813672608318
4109.156253168436, 64.92871858462729
4181.788787468266, 64.33202367946824
4234.6767591989355, 63.809882301715476
4314.60310171253, 63.30646820111723
4379.7365492149975, 62.858969246073684
4478.803632328768, 62.383579389729995
4613.171652737326, 62.23004608962479
4733.078986379801, 62.468185494311385
4837.637539598725, 62.93478212360506
4932.527212870831, 63.345389527924915
4998.182694746853, 63.867842039238
5071.377218769531, 64.23175718568407
5145.485633976007, 64.65163192533632
5239.813483925112, 65.11818410697852
5375.238501585014, 65.61746827996062
5535.650470647072, 65.74373294588631
5681.177551745195, 65.45491951454804
5788.198169729575, 65.01679160602367
5875.396679242105, 64.6252522441863
5986.259744533419, 64.13116474245575
6099.1834779045275, 63.64640383959289
6191.161987671881, 63.22688468115244
6284.527575937464, 62.80736552271198
6371.569146388887, 62.35985175178462
6499.406340204521, 61.96837165348255
6646.38510503453, 61.50230839600656
6821.53123720937, 61.10157577825593
7026.668535044947, 60.82213339343682
7237.196964573411, 60.73854958483935
7453.117709757836, 60.87880414906659
7675.126933455076, 61.102998103103104
7903.6279065533545, 61.35517185374271
8140.181282362172, 61.32754763835142
8354.179046114274, 61.038734207013135
8542.577392878655, 60.684590135949506
8735.581992355386, 60.25583327394431
8933.130042761963, 59.78977001646832
9134.958496480638, 59.36101315446312
9375.515816597224, 58.99292363274942
9657.604876777199, 58.68550145132722
9946.959693725503, 58.60191764272975
10244.118979100098, 58.672222715449266
10548.941065549458, 58.95237626269196
10862.333104393465, 59.316469199743935
11186.237543454656, 59.48470356057426
11522.011319762936, 59.303190463865974
11825.549616796849, 58.916447744416885
12092.850996434066, 58.46903768467629
12365.941261067135, 58.058934020406475
12645.457500625316, 57.611523960665885
12931.291846223921, 57.16411390092529
13174.753487569524, 56.74463919013631
13422.936236161571, 56.30651128161194
13726.34449125122, 55.859101221871335
14088.062343670124, 55.45836860412071
14510.939282911278, 55.276855507412414
14946.624313738641, 55.081352512402574
15396.926929197933, 54.703980839472656
15802.748984808646, 54.29392162285432
16219.184433353868, 53.893189005103686
16707.6977037717, 53.529807230475306
17148.24369379083, 53.10109481612159
17471.009857074077, 52.6909467042003
17733.936272318206, 52.327387138966024
17980.197775904904, 51.81458717596478
18342.44864366545, 51.27388149577957
18688.45731492337, 50.78912059291671
18970.579128848818, 50.34162163787317
19256.959866694633, 49.894122682829625
19476.970864878273, 49.33466009372224
19772.412583368794, 48.75658875453095
