20.180113806017825, 63.995086231814255
20.797779421034427, 64.13334617978612
24.66293692473509, 64.19260044320262
25.535978939306133, 64.31110897003566
26.532061950920333, 64.42961749686869
27.09166110185585, 64.31110897003566
28.115805791803258, 64.19260044320262
29.17866617149758, 64.35061181231333
30.42248589799734, 64.50862318142404
30.92039031339697, 64.54812602370171
32.57665933844052, 64.54812602370171
33.49598256033055, 64.54812602370171
34.56126811215245, 64.54812602370171
37.83290929660041, 64.54812602370171
39.03612378909861, 64.42961749686869
40.137735059888, 64.42961749686869
42.58297354579936, 64.42961749686869
43.937256149399666, 64.31110897003566
44.70815950393556, 64.31110897003566
47.929426251266115, 64.31110897003566
49.282009218932814, 64.19260044320262
51.50208959468928, 64.15309760092495
53.01693491139626, 64.07409191636961
54.323784731983466, 64.07409191636961
55.469551083194915, 63.95558338953657
57.56646370815497, 63.9160805472589
60.57975881372969, 63.75806917814819
62.65152816681388, 63.659312072454
65.85459241602341, 63.52105212448214
68.66182289894608, 63.40254359764911
71.09237917741173, 63.284035070816074
73.77988078008336, 63.185277965121884
75.86197142678672, 63.06676943828886
78.9125734141525, 62.88900664803931
80.76403702575378, 62.88900664803931
85.18893497333755, 62.69149243665093
88.10231442805475, 62.53348106754023
90.48360644972264, 62.4149725407072
94.45017260380831, 62.23720975045766
97.45400758792015, 62.118701223624626
99.85621647729906, 62.0001926967916
102.31763901720954, 61.94093843337509
106.43209039591787, 61.74342422198671
108.55095109471384, 61.64466711629252
111.61429190762107, 61.526158589459484
115.96803531752802, 61.34839579920994
119.79504019165535, 61.19038443009924
123.89191508486334, 61.05212448212737
129.32301466657083, 60.83485884960015
134.5234205897772, 60.67684748048945
141.56499894524805, 60.43983042682339
145.22282613784597, 60.321321899990366
152.4704531871189, 60.0843048463243
157.50205664500132, 59.926293477213605
162.69970560762366, 59.768282108102895
165.93874761680766, 59.68927642354754
179.76103599984086, 59.333750843048456
195.41328638252463, 58.97822526254937
200.92790868221877, 58.85971673571635
206.59815529831047, 58.741208208883315
225.36980949260536, 58.32642836496771
231.72981397394258, 58.207919838134686
237.44187685201481, 58.14866557471817
245.847069434838, 57.97090278446863
257.2201995354914, 57.79313999421908
264.17253004964476, 57.714134309663734
273.8413111120507, 57.55612294055303
283.5350053649145, 57.43761441372
289.51516433469993, 57.31910588688697
297.68537021422463, 57.25985162347046
307.15277196327924, 57.20059736005394
320.2459913233265, 57.0228345698044
331.5823624244833, 56.90432604297137
348.13062389880815, 56.72656325272183
362.97063525707216, 56.6080547258888
381.0853894189546, 56.48954619905577
397.3301869725575, 56.37103767222274
420.07217212536517, 56.252529145389715
442.57358688508015, 56.13402061855668
474.4614479488799, 56.01551209172366
494.68665306805485, 56.01551209172366
508.64686068172716, 55.897003564890625
535.8928311075206, 55.897003564890625
554.8628734140008, 55.7784950380576
622.3592376786593, 55.7784950380576
705.3894005819382, 55.7784950380576
778.4561143066401, 55.857500722612954
819.2041097200276, 55.956257828307145
848.2030731637358, 56.07476635514017
878.228569398027, 56.1932748819732
954.6981635177252, 56.72656325272183
1052.3681631680029, 57.67463146738606
1128.1923216119208, 58.32642836496771
1168.1291426113632, 58.62269968205028
1209.4796850490618, 58.91897099913285
1278.706665383954, 59.45225936988149
1370.838734932212, 60.10405626746314
1429.274451298996, 60.3410733211292
1479.869262863614, 60.69659890162829
1586.4952948844452, 61.1706330089604
1631.2666740137217, 61.40765006262646
1700.8038371038515, 61.76317564312554
1748.8010380164776, 62.05944696020812
1806.5123726790252, 62.37546969842953
1848.8971508862815, 62.53348106754023
1907.698334523642, 62.88900664803931
1986.7140953684097, 63.30378649195492
2059.428331091947, 63.71856633587052
2134.8039261369845, 64.03458907409193
2200.145231575214, 64.37036323345217
2278.028057581914, 64.60738028711823
2342.3147013318094, 64.84439734078428
2416.808232150156, 65.14066865786685
2534.483147935007, 65.45669139608827
2609.0306072155304, 65.61470276519897
2679.549342274679, 65.733211292032
2761.5640181269946, 65.81221697658735
3051.152471508418, 65.85171981886504
3148.1894411942385, 65.733211292032
3233.280944722639, 65.69370844975433
3386.7806393822666, 65.53569708064362
3506.6691101406277, 65.43693997494944
3605.6283776009604, 65.3184314481164
3759.328059283741, 65.14066865786685
3901.44174715289, 65.02216013103383
4100.903259845863, 64.84439734078428
4381.11033828362, 64.42961749686869
4504.746602819012, 64.25185470661914
4707.678660362477, 63.75806917814819
4812.54754439152, 63.540803545620975
4931.175241474846, 63.12602370170538
5177.275114444499, 62.177955487041146
5335.739276163948, 61.585412852876004
5492.680862753468, 60.81510742846132
5654.238615974531, 60.0843048463243
5813.802947226841, 59.768282108102895
6139.444361084326, 58.94859813084112
6312.701345847843, 58.2671741015512
6791.120769469842, 57.0228345698044
6982.768260428701, 56.66730898930531
7229.950908949898, 56.252529145389715
7626.065270196378, 55.97600924944598
7896.0199559282855, 55.7784950380576
8081.278058564903, 55.659986511224574
8514.156505295445, 54.771172559976854
8663.542069761677, 54.237884189228225
8815.548686220221, 53.704595818479596
8908.02985857418, 53.289815974564
9064.326147922122, 52.51951055014931
9223.364741736008, 51.80845938915114
9417.898701734728, 50.91964543790343
9483.650896401163, 50.44561133057131
9616.535661305994, 49.971577223239194
9785.263075123268, 49.142017535407994
9956.950904330879, 48.43096637440983
10096.467541388138, 47.95693226707771
10237.93908333574, 47.24588110607954
10381.392922269806, 46.77184699874743
10453.871867940361, 46.29781289141531
10637.290806607843, 45.64601599383365
10899.496488723984, 44.75720204258594
11246.137346643529, 44.34242219867034
11443.457019420064, 44.63869351575291
11603.802556422219, 45.34974467675108
11684.815902257018, 45.76452452066668
11766.394852528076, 46.2385586279988
11889.83243186359, 47.186626842663024
11848.543356070917, 46.653338471914395
11972.842729741096, 47.6902880817034
12014.564956352899, 48.25320358416028
12140.606010861864, 48.934627613450196
12267.969322770863, 49.37903458907405
12353.619628918677, 49.91232295982268
12439.86791299994, 50.44561133057131
12614.175143530058, 50.91964543790343
12790.924764190644, 51.57144233548508
12970.150997713234, 52.34174775989977
13106.216807405955, 52.8750361306484
13243.710041079396, 53.46757876481354
13336.17259863127, 53.941612872145654
13476.07822680437, 54.563782638019056
13664.904819703057, 55.48222372097503
13808.259075100319, 56.01551209172366
14099.495017056783, 56.64755756816648
14396.873541754949, 56.37103767222274
14598.602303901464, 55.659986511224574
14803.157686241531, 54.88968108680989
14906.507715445436, 54.39589555833893
15010.579295332163, 53.82310434531263
15115.377463494755, 53.23056171114749
15273.94817510363, 52.48988341844105
15380.585084836952, 51.719577994026366
15925.041612002644, 49.67530590615662
16092.106257719559, 49.142017535407994
16317.58859360901, 48.54947490124285
16488.77132730375, 47.95693226707771
17311.675468885518, 46.41632141824834
17493.286858007148, 45.823778784083196
17676.803475580986, 45.17198188650154
17924.490563579224, 44.46093072550337
18112.530804767892, 43.98689661817125
18430.3251319569, 42.80181134984097
18688.570553370442, 41.73523460834371
18819.047060708144, 41.053810579053795
19082.739247579353, 40.28350515463911
19282.930314540354, 39.77984391559874
19485.221523560114, 39.068792754600565
19827.10046532452, 38.436747278157746
