21.205840914957182, 65.54735530293704
21.73985033472539, 65.62300539325543
22.564352236931427, 65.65345345954655
23.13086483793949, 65.65362439605907
24.006704739109395, 65.62368913930547
24.610156280879373, 65.65405173734035
25.543893944092616, 65.69959563439265
26.18559899282005, 65.71486240166634
27.176302795180778, 65.6547354833904
27.858605474230533, 65.6549064199029
28.558038406403643, 65.65507735641542
29.27503167292519, 65.65524829292792
29.9171520620027, 65.65539786237638
30.95477305007434, 65.65563290008107
31.731940008384363, 65.65580383659359
32.93345579240673, 65.62586857983999
33.757310961197206, 65.53546453178544
35.036550767671685, 65.5357209365542
35.916197003350376, 65.5358918730667
37.27724821257371, 65.53614827783548
38.21315058732765, 65.53631921434798
39.172550223737694, 65.5364901508605
40.15603705652375, 65.536661087373
41.03682210320206, 65.53681065682146
42.456974836417984, 65.46156654072027
43.52099504432233, 65.41644998494924
45.16823146876959, 65.37141889743447
46.30019885983411, 65.32630234166345
48.053335280701106, 65.29636708490986
49.258333703506615, 65.26634635990001
51.43834729720317, 65.17607051422983
52.566599247500164, 65.17622008367827
54.72314469042491, 65.08592287094403
56.09539705662856, 65.05590214593418
58.21856499388287, 65.01087105841941
59.67670780040703, 64.95065867188721
61.93542561418434, 64.90562758437244
63.48759801206611, 64.86051102860142
65.8876375713518, 64.77019244880312
67.53885690803573, 64.72507589303208
70.09411647510672, 64.66494897475614
71.84757352267023, 64.57454492670158
73.64706862374847, 64.51433254016936
75.49051966194068, 64.43902432287598
77.14139940633567, 64.37375862569266
79.81258638666864, 64.31864228393971
81.80795078760329, 64.21314240512396
84.9018129341252, 64.13791965608684
87.02698014203416, 64.06261143879345
90.31555254429412, 63.95719702823396
92.57623042616973, 63.88188881094059
96.07024365911991, 63.73118690809756
98.4749665316291, 63.65587869080418
102.19462664474094, 63.535368449483514
104.75110209980976, 63.444964401428955
108.70782846396658, 63.324454160108296
111.42723656169436, 63.23405011205373
115.6327247012024, 63.083348209210705
118.52711371603802, 63.00803999191732
123.00056550685723, 62.857338089074304
126.07937807087453, 62.78202987178092
130.83786751631686, 62.63132796893789
134.10889574576737, 62.52582809012215
139.168381227648, 62.36003035651795
142.6476774916734, 62.25453047770221
146.36438296572382, 62.144005777654094
149.87161047868366, 62.0586265508319
152.6781517697803, 62.01346726093275
158.4358554145614, 61.83257369656737
161.89347333501775, 61.72202050710051
168.52354708175295, 61.56127608414744
172.2030077489739, 61.460786781854694
179.2588188056187, 61.320170133249846
184.30807991918562, 61.19959579073699
190.08784368333386, 61.0790428152882
195.44213065045273, 60.958468472775344
201.57104993178123, 60.837915497326556
206.607402288637, 60.71731978774963
218.41052662695068, 60.476171102723924
230.17339830034513, 60.235001050634146
244.83588325956018, 59.993895099736555
355.70465237364726, 58.42651411532569
362.36033729313897, 58.36625899466535
376.06984854317614, 58.3061320763894
381.9435148336861, 58.30623891170972
438.9559337448726, 57.944900491324304
452.7613584097784, 57.91492250044259
464.09437426242425, 57.8396142831492
481.65288271441966, 57.779487364873255
493.73094057700666, 57.74946663986341
506.0894611807824, 57.674158422570024
518.7802972894312, 57.644137697560176
530.1279576641934, 57.58390394396391
548.4820806444816, 57.5237556586239
562.2359655361953, 57.49373493361405
583.5247801109831, 57.46379967686046
598.1750628872057, 57.46397061337297
620.8063691041158, 57.40384369509702
636.3738774002252, 57.37382297008718
660.4698910077723, 57.34388771333359
677.0919724791206, 57.40444197289081
707.1204795034282, 57.4047411117877
724.8952198607884, 57.43510370982258
747.7377494672867, 57.46550904198557
766.5108501915922, 57.46567997849808
800.5995437315399, 57.58674576348441
965.1888992865204, 58.59944844832723
986.4904487227955, 58.73546049462629
1020.976256237346, 59.00742048603221
1046.8411704523235, 59.23402888396241
1086.9124108923027, 59.61168105776064
1110.9823634563695, 59.82317225786559
1142.7143261938522, 60.09508951514339
1171.7324695783057, 60.3820812361183
1208.9945067322355, 60.699307352743695
1239.6225835479027, 60.925915750673894
1286.8642076754438, 61.13751378609917
1307.0596189814746, 61.21309977522538
1360.1396123101626, 60.71521513193931
1392.1836225802138, 60.22728041815235
1428.0917584736308, 59.85509465157713
1459.3438123479207, 59.80492478515498
1510.3225094135832, 60.0517250586256
1543.7462009804676, 60.24812042796938
1597.9484344210152, 60.67103872698709
1633.4157713044622, 60.93284936296265
1690.9577150608557, 61.471502364482724
1732.3119955612344, 61.879253609192375
1778.401085600054, 62.31721076013376
1812.2388527342603, 62.57396808545819
1870.1179165878534, 63.027056678934194
1905.6726589125585, 63.26871817349745
1966.5938526769612, 63.75199842849581
2004.041956443362, 64.02385158458141
2067.9247118761486, 64.4165568550127
2113.781829322945, 64.65823971664001
2174.3162835866833, 65.0056361277237
2229.4651633462663, 65.26243618717625
2314.839338482089, 65.65518419173567
2366.1020460492587, 65.86667539184063
2441.165835811646, 66.10842235466012
2518.462306157101, 66.28978599443491
2606.1566802039156, 66.42588350899022
2671.7459663398076, 66.48643776854745
2773.0332240211906, 66.50179000407739
2842.276878477218, 66.36609846373929
2931.0624424174925, 66.12477884220107
3004.1634610083574, 65.95889564034061
3116.994510321262, 65.62704376836345
3174.2865176983883, 65.23468037095718
3241.7735994541727, 64.56054949973964
3456.671849848765, 63.63512058806601
3565.701992553472, 63.69571758175136
3654.846764605006, 63.59021770293562
3780.88281507061, 63.39420694074499
4034.5149720140166, 63.22860151071737
4135.746602383015, 63.2136766164687
4252.993191210168, 63.27425224309
4414.161188066155, 63.27450864785876
4567.258190213164, 63.274743685563465
4681.718889022426, 63.22962712979243
4857.054092245115, 62.792104442487016
4946.621351723452, 62.46012436812546
5100.463748195638, 62.08294226973663
5212.158133452524, 62.04786823407566
5460.963662996035, 62.18908316047428
5580.744784027717, 62.18923272992273
5773.365146910572, 62.02341362925447
5898.866530554942, 61.82731739880759
6099.855406499844, 61.22371920606514
6285.94451375925, 60.25779970799033
6342.421131088424, 59.89556387091422
6436.728553017062, 59.1408791681756
6513.952254227227, 58.65789805207413
6611.851102455672, 58.064235544121416
6733.446678181782, 57.681936033889265
6966.126923019536, 57.55637248191748
7141.865454944669, 57.67731006451942
7368.4387288726975, 57.91905702733892
7554.884138528884, 58.11547376374676
7842.2196096798025, 58.25159264536613
8196.183376624256, 59.02177915308316
8302.354828556294, 59.50493120569713
8464.071361062253, 60.214563453856925
8651.638076069736, 60.44115048472306
8899.009512741237, 60.74325940352321
9174.193241007291, 61.246660310515125
9413.644970009771, 61.18142310275054
9587.380257649853, 60.86453885915018
9761.29590098266, 60.230642169565044
9878.988840637207, 59.808044376508285
9995.444901362682, 59.113721629750316
10084.654439492208, 58.6911024696295
10172.858217170768, 58.087333340374535
10283.060208346318, 57.48357845582895
10415.342163213194, 56.81945449294802
10540.29869425045, 56.33647337684655
10633.743234829431, 55.85347089368101
10727.066182681534, 55.27989342594841
10888.498628181544, 54.70635869234393
11018.04756626869, 54.12273870450127
11217.805216373006, 53.47877812774201
11424.781311833573, 53.15686194055459
11823.936983745349, 53.40869415761227
12050.868294520751, 53.83150562130967
12206.25176695566, 54.25427435087893
12364.125385711715, 54.71729862914467
12559.335842508586, 54.888491546425016
12842.961605291273, 55.537761838604155
13155.36781014353, 55.81468255005026
13499.925976974142, 55.84002032685275
13794.608886216458, 55.73449908097296
14269.468429815644, 55.47810499573761
14625.134670234038, 55.297125963115974
15173.085005300134, 54.87469910657174
15456.30824510694, 54.76915649362787
15785.383854193295, 54.125217283932685
16025.935209385356, 53.74289640663647
16316.646619285528, 53.10899971705134
16513.37809074256, 52.68640192399458
16809.457914462677, 51.84116360375295
16959.983295943537, 51.44873610515449
17106.805981030546, 50.754391991332454
17205.05463464014, 50.271368141102855
17386.131788479935, 49.35563275415957
17450.576160794404, 48.912850207917074
17582.258378479968, 48.148051761521515
17647.429724174133, 47.70526921527902
17747.73546855826, 47.16186204200471
17794.4245543593, 46.67881682471104
17891.34012520448, 45.89387635925787
17938.406992731423, 45.41083114196421
18038.236556520318, 44.74665732260046
18085.15598938988, 44.233420443784446
18162.196637290945, 43.29751454836479
18227.00651436373, 42.71383758168463
18275.13624626132, 42.240856251565084
18323.753672340747, 41.78800269579378
18457.665464808746, 40.78167095721936
18526.081641548968, 40.338888410976864
18806.8250719805, 39.871024492700634
19051.47533409445, 40.40952792477228
19180.511030524154, 40.97314834065108
19249.712300574858, 41.486427953595225
19508.28047227813, 42.452646590566935
19764.486536367727, 43.116948612315056
20079.698339521256, 43.449163724381314
