20.180017460542246, 69.3059930528584
20.679860558647853, 69.30568911690924
21.192084375611238, 69.30538518096007
21.716995572062523, 69.30508124501092
22.25490840437351, 69.30477730906176
22.806144912798203, 69.3044733731126
23.37103511427339, 69.30416943716344
23.949917199994808, 69.30386550121429
24.543137737887076, 69.30356156526513
24.92133926219759, 69.3033716052969
26.573945471677515, 69.41138284322884
27.2321611178941, 69.41107890727967
27.736500097416123, 69.4108509553178
29.306845877619704, 69.30135802963373
30.03275330895943, 69.30105409368458
30.776640894187928, 69.30075015773542
31.733105093105873, 69.1915611680005
32.41980362169907, 69.19129522404499
33.325254454711505, 69.08214422630374
34.151039406323456, 69.02743575545534
34.99746356961982, 68.94552501715734
35.864866124106186, 68.86361427885933
36.75395250694082, 68.75450127311171
37.6650792507629, 68.6453882673641
38.598597929682384, 68.56347752906609
39.55535342957749, 68.46796565704328
40.53582432681025, 68.37245378502047
41.54091294111252, 68.23613851182323
42.5709227982753, 68.09982323862599
43.62614155510839, 68.00431136660318
44.70706508130203, 67.9632040294796
45.81534867680584, 67.85409102373198
46.95098803101247, 67.75857915170917
48.11501966414305, 67.63586501223674
49.30803495973613, 67.49954973903951
50.53037613048902, 67.39043673329188
51.783019014521244, 67.28132372754426
53.01246374140523, 67.19035823076092
54.3822332495689, 67.06309771604901
55.78739572710386, 66.93583720133711
57.11220155573525, 66.81766943710416
58.587606990751176, 66.71761118984186
59.91729066217272, 66.64479320202283
61.46547144775503, 66.51753268731092
62.989194232321026, 66.40841968156329
64.55068994971451, 66.29930667581567
66.15122884564866, 66.16299140261845
67.79111107944603, 66.05387839687081
69.47182113584404, 65.9311642573984
71.19420016991035, 65.80845011792596
72.95909714983593, 65.69933711217834
74.76736840111948, 65.61742637388033
76.62007046469044, 65.56271790303194
78.51927607710645, 65.46720603100914
80.46596399566303, 65.3444918915367
82.4607070576515, 65.23537888578909
84.5053260870502, 65.09906361259185
86.60064158904231, 64.96274833939461
89.29288316979283, 64.79915481476047
91.50690648627003, 64.66283954156323
93.77582666654973, 64.526524268366
96.10148989671414, 64.36300672771915
98.48433309570609, 64.22669145452191
100.61788560985043, 64.09948159580154
103.42951574541688, 63.913257506953016
106.10226061864955, 63.77239585851629
108.62301029073882, 63.59982355938412
111.31632546830261, 63.46350828618689
114.0764215850642, 63.32719301298965
116.90554448954671, 63.163675472342796
119.8054349736607, 62.97295566424633
122.77570933802971, 62.8502415247739
125.8196241829124, 62.72752738530147
128.93998135807016, 62.56400984465462
132.1377241474655, 62.40049230400777
135.41408830845256, 62.26417703081053
138.77169014917612, 62.127861757613296
142.2132616995429, 61.964344216966445
145.73871399031768, 61.85523121121882
149.352315650759, 61.71891593802159
153.0555168184474, 61.582600664824355
156.84974751068296, 61.47348765907673
160.73803679580777, 61.36437465332911
164.72354771983038, 61.228059380131874
168.8061757592027, 61.146148641833875
174.05314534585995, 61.00975738464935
179.46229973683893, 60.90056839491443
185.03955767554353, 60.791379405179526
190.79014341713724, 60.682190415444616
195.51783813178292, 60.62748194459623
200.36268301422308, 60.57277347374784
205.11767095367304, 60.53621251186374
210.41550693153937, 60.46335653205106
215.62733289154014, 60.4630525961019
220.9727125390599, 60.35393959035428
226.44603214585848, 60.353635654405124
232.05492155751668, 60.35333171845596
237.80273873105253, 60.35302778250681
243.69292479742964, 60.35272384655765
249.72900612170645, 60.35241991060849
255.9158879957836, 60.32491370720972
262.25670783913245, 60.28380637008614
268.75463397471145, 60.242699032962555
275.4114740462738, 60.2423950970134
282.2331987900846, 60.24209116106424
289.21805357873916, 60.350596294913544
296.3847480357728, 60.295887824065154
303.72596421554664, 60.295583888116
311.2498019474796, 60.28167881844203
318.9592137750159, 60.28137488249287
326.86205610247936, 60.24026754536929
334.61686329163314, 60.23997627341802
343.25482054976305, 60.23965967347098
351.7622973156819, 60.157748935172975
360.47335238264424, 60.18464726667344
369.40478920623065, 60.143539929549846
378.55943050793167, 60.07523032497665
387.9370276270681, 60.06132525530269
397.54893106148097, 60.02021791817911
407.40412862151464, 59.91110491243148
417.9266752168776, 59.838248932618804
427.84487091247786, 59.801687970734704
438.4466761141165, 59.74697949988632
449.31118932320123, 59.692271029037926
457.6324219176347, 59.692043077076065
471.8545402226573, 59.58285408734115
483.54200460177645, 59.58255015139199
495.5189582449996, 59.58224621544284
506.2418969085342, 59.581980271487325
530.0074362652578, 59.58141039158265
543.1353019611042, 59.58110645563349
556.5883345243114, 59.58080251968434
570.9486837277549, 59.653025299602945
582.7056251646602, 59.689041709578134
598.9557935937185, 59.79750885143379
613.7914556581125, 59.79720491548463
628.9882364295304, 59.8513055144347
644.5612722688313, 59.90540611338477
660.519878825048, 59.95950671233486
676.8701862796231, 60.04080957873454
693.6234739236138, 60.13571357885904
710.7914240133307, 60.23061757898354
728.38246186089, 60.33912271283284
746.4050848619162, 60.47483011413176
764.8813684899872, 60.556132980531444
783.818964257952, 60.61023357948152
803.2234065320238, 60.67793531215641
823.112384790112, 60.718434777381674
843.4832005096969, 60.82693991123098
864.3690697455445, 60.86743937645625
885.7653978465305, 60.94874224285593
907.6982357049278, 60.989241708081195
930.1624262944707, 61.0977468419305
953.1705459254749, 61.274257644403846
976.7502498329037, 61.43716731315238
1000.9082211765008, 61.627279249350536
1025.6481626248367, 61.89899798789753
1050.9943091017471, 62.19791899389415
1076.961382340345, 62.52404226734038
1103.5755975668571, 62.822963273336995
1130.8532191209335, 63.09468201188399
1158.8138476942274, 63.32559734925657
1187.4688063207475, 63.542911552904336
1216.8507639355985, 63.67861895420326
1246.9597296442093, 63.814326355502175
1285.6603379669416, 63.922755505364194
1318.8312297464136, 63.99497828528279
1350.1114352545374, 64.03095670326434
1383.528190320355, 64.12586070338884
1417.786357939674, 64.1663601686141
1452.881808660174, 64.24766303501379
1488.8384873998589, 64.35616816886309
1525.692740844122, 64.43747103526279
1563.4434920269362, 64.5731784365617
1602.1283233011868, 64.70888583786063
1641.7703469385408, 64.84459323915955
1682.401737996874, 64.95309837300886
1724.012592953812, 65.143210309207
1766.670441870776, 65.27891771050592
1810.3837889213733, 65.41462511180484
1855.169387767304, 65.57753478055338
1901.082089878401, 65.68603991440268
1948.121231529821, 65.8217473157016
1996.3293168216173, 65.94385358327571
2058.261369490738, 66.12028840176177
2109.189653245867, 66.2559958030607
2161.3780734077122, 66.39170320435962
2214.835453704257, 66.58181514055777
2269.6264503682532, 66.7447248093063
2325.7494007130085, 66.96203901295408
2383.242108076208, 67.22015661777627
2442.143714354725, 67.50547649004807
2502.5010683352675, 67.79079636231988
2564.350148686419, 68.07611623459168
2627.6946687213767, 68.42944177548753
2692.6039236738798, 68.78276731638337
2759.109603091182, 69.14969399100403
2827.279335806501, 69.47581726445026
2897.133348281229, 69.80194053789648
2968.7057628597477, 70.14166494506753
3042.054019173249, 70.46778821851376
3117.2302341467284, 70.76670922451038
3194.3287131906745, 70.95682116070853
3273.367110123121, 71.09252856200744
3354.4966179071407, 71.01061782370944
3437.732321627204, 70.77909461443855
3523.095599314476, 70.452363469094
3610.6241120134487, 70.05762665512542
3700.3178635095514, 69.67649097488165
3792.230183543357, 69.30895642836268
3886.3764809858544, 69.00942755046773
3982.8600641133285, 68.70989867257282
4081.6874585084583, 68.47837546330192
4182.956518583982, 68.26045338775583
4286.694854085293, 68.096935847109
4392.983754394635, 67.96062057391175
4506.4696983893755, 67.86056232664946
4618.184623788234, 67.75144932090183
4727.806798257712, 67.68768609156812
4844.984195578772, 67.60577535327012
4965.015686374872, 67.57826914987135
5088.072241055162, 67.49635841157334
5214.23135002016, 67.3600431383761
5343.559035513013, 67.18292446400444
5476.204963968463, 66.89699671983432
5612.256927992418, 66.50225990586574
5751.718023370551, 66.08032082444754
5894.600015807091, 65.69918514420375
6041.061917006086, 65.29084719651037
6191.100434430528, 64.93691378371621
6344.945431061958, 64.514974702298
6502.5149266141925, 64.17464242322865
6643.585787009608, 63.88421895981057
6787.89415051268, 63.4532504479028
6935.364325795488, 63.001124616867564
7064.290386630415, 62.63215481725535
7195.726121850679, 62.17855574113322
7307.261350716229, 61.69779238955512
7397.840032885423, 61.235201874937076
7489.541502001685, 60.77261136031903
7582.494479470024, 60.22841404335214
7676.678586433409, 59.62981219148601
7771.954129200025, 59.085614874519116
7868.293007627217, 58.62302435990108
7990.293487193128, 58.11505874087336
8163.730698386418, 57.765697031314446
8366.129863469041, 57.64298289184202
8546.711253637246, 57.93287446734907
8677.785443139403, 58.32258367415867
8810.810524371336, 58.7485625709011
9000.59657186135, 59.27420713097148
9222.78946626754, 59.70913947421618
9450.372126480492, 60.1984763523601
9683.912754648789, 60.49739735835672
9924.201353717299, 60.26587414908583
10139.803583838413, 59.816770792211656
10359.880606011198, 59.47647650513595
10747.136303932457, 59.48962173493702
11012.778564902246, 59.76134047348401
11284.986836464788, 60.03305921203102
11564.156864683304, 60.19596888077955
11850.591899019862, 60.1956649448304
12144.642681765801, 59.9641417355595
12370.403984647386, 59.59668317302782
12523.680701302754, 59.161294925859394
12743.822075500084, 58.65330397883591
12770.820872128908, 58.23617721661271
12995.787452595378, 57.52870297495872
13157.34426598053, 56.87569658819336
13320.707782109792, 56.30429700377685
13485.963518001026, 55.787301954259576
13695.02175417084, 55.29747118019827
13992.22687820893, 54.97077802684737
14338.875656399252, 54.9432718234486
14648.796614612414, 55.07901721674116
15150.082057600772, 55.051397037361454
15526.238736170753, 54.73826702574171
15863.357828931883, 54.35263562624998
16158.505959203225, 53.89903655012785
16409.04892629666, 53.39107093110013
16612.283032456093, 52.982884951381315
16818.37381248574, 52.465889901864045
17027.27914336256, 51.86728804999792
17238.953346950108, 51.21428166323256
17453.25897321459, 50.561275276467214
17670.228734622568, 49.90826888970185
17889.624886197013, 49.33686930528535
18167.039985965755, 48.81983626377443
18561.57649952697, 48.41153630807467
18963.53270364796, 48.32966356177032
19493.1641191783, 48.22051256402906
