20.317020107120197, 64.10491579955624
20.651079171879246, 64.13943448743576
21.45206716384626, 64.12741221141886
22.405593794678307, 64.16160837009605
22.712175872679897, 64.1383056352276
23.401503895073528, 64.1263801179714
23.915938240079996, 64.13769282974317
24.44168137517572, 64.12586407124766
24.843559464495932, 64.13724128885991
25.52809388337538, 64.12534802452393
26.231489825350998, 63.997747408851524
26.929856570947166, 63.87401445586374
27.323089857180864, 63.81213185290973
28.07594475561463, 63.73467108948311
28.928066348178582, 63.66103498484746
29.72514444462672, 63.556575839442345
30.213894955314043, 63.53324085165366
31.21563669588581, 63.41714646527443
31.728894365834726, 63.39381147748574
32.51464755030885, 63.347238260669066
33.86771558179184, 63.26575932093006
34.99059975168357, 63.1959478750854
35.72741181421466, 63.17641604414088
36.54590295100627, 63.09129521215888
37.349290106445814, 62.97532983746058
37.86035100836389, 62.97516857285942
38.69263362404668, 62.8823446684284
39.75876263469043, 62.820311551846636
40.96546468619911, 62.70810633009885
41.866006894435884, 62.626853160801474
42.554381421537386, 62.55723523247822
43.60822339692322, 62.49523436881669
44.68816334088446, 62.46408879884487
45.87790618076244, 62.324928199012234
46.92893836240427, 62.20895207334052
47.571080301305784, 62.13936639793749
48.74915878726382, 62.02336877031896
49.956411908531535, 61.98450937692471
51.1935621631051, 61.83765645561647
52.604139233422735, 61.73319731021134
53.46907363138658, 61.67515011702172
54.89259258477465, 61.551417164033936
57.07338419329275, 61.36196619832775
58.592861502610866, 61.257517803896036
59.77249604826306, 61.11843246087727
61.58662679141403, 60.979228857150986
62.99753526795834, 60.84011126121199
64.1494992860152, 60.76275800751947
66.15638747606882, 60.60811600597492
67.91768358733317, 60.45738467100863
69.34785537293995, 60.29900401846038
71.71202776029769, 60.14432976399559
74.02254282478141, 59.958821717787906
76.33830473479182, 59.796465892820926
78.5839855688845, 59.6187039229559
80.74927283263207, 59.40239433792556
83.50213663935648, 59.24000626003834
85.725232460578, 59.01599360255898
88.64773419323006, 58.84589170124933
91.00782239428868, 58.69130345457182
93.60020011839781, 58.474983118568076
96.26642228892536, 58.304945723098896
98.91892784205791, 58.07320849122369
100.45432879058295, 57.94189072649441
102.9420394505045, 57.825893098875866
105.39582176943995, 57.671337105118596
108.29987695164402, 57.50131046062283
111.28394988369539, 57.28500087559249
114.45389753368411, 57.060966716166305
117.60753710568977, 56.89865389509296
119.54127855236834, 56.78275302623513
122.9464380153436, 56.63585710103324
126.21966818149433, 56.43498591382115
128.64420643522257, 56.31133896862066
131.94952459932577, 56.17218911976143
135.46244592750494, 55.971317932549354
138.06452757473735, 55.855384810771284
142.38381413096906, 55.693028985804304
145.38205115763895, 55.588645097213046
149.25258960631416, 55.414772291979475
152.671866725273, 55.32193763657506
157.73370273601932, 55.182701779928536
161.05516894889846, 55.05903333278121
164.2976499640901, 54.96623093029703
167.90939877836928, 54.91968996640058
172.06760685432752, 54.788264691937194
175.85016232707937, 54.74172372804075
179.71586956887143, 54.660470558743384
183.1680098481916, 54.594677289211106
188.7272676974721, 54.497899714308176
192.87605184306074, 54.486070955812664
197.11603854828292, 54.45110072704987
199.81323306405258, 54.48565166784964
208.12828238168441, 54.39260199297699
212.70355827439687, 54.369202499347836
217.37941227814179, 54.345803005718686
222.15805539760115, 54.31083277695589
227.04174724188633, 54.29900401846038
232.03279709300702, 54.33345820049944
237.13356499782898, 54.34477091227122
242.3464628840364, 54.39079582944393
246.33120239366238, 54.390602311922535
261.5107089726851, 54.41303421794469
265.8105532610351, 54.48226511122515
277.6256123578923, 54.48174906450143
296.34014879769785, 54.57354087548498
300.39505488259124, 54.57337961088381
306.9986276270867, 54.573121587521946
321.51719257640775, 54.757705050016284
328.5850924478424, 54.75744702665442
335.80836568575955, 54.815042678960765
340.4033265471272, 54.849593619760526
350.73476961186685, 54.93023398357347
358.44495833671476, 54.906834489944316
364.3386271384496, 54.94135317782385
374.3775400711951, 54.94103064862152
382.60746689449627, 54.96391409552694
391.01831187732176, 54.952085337031434
428.8768756036724, 55.12454976474815
438.3048591887802, 55.12429174138629
447.94009776835696, 55.0893215126235
457.7871474208417, 55.07749275412799
467.8506643807668, 55.07723473076612
478.1354072404863, 55.076976707404256
488.64623920030476, 55.09986015430968
499.3881303680689, 55.11117286608146
510.36616010931095, 55.12248557785324
521.5855194490568, 55.122227554491374
533.051513526434, 55.12196953112951
544.7695641032352, 55.12171150776764
556.7452121276305, 55.12145348440578
568.9841203542361, 55.12119546104391
581.492076021783, 55.120937437682045
594.274993589645, 55.12067941432018
607.3389175345235, 55.12042139095831
620.6900252086152, 55.12016336759645
634.3346297606096, 55.11990534423458
648.2791831208971, 55.119647320872716
662.5302790524001, 55.08467709210993
677.0946562684737, 55.07284833361442
691.9792016193464, 55.07259031025255
707.190953348605, 55.072332286890685
722.7371044212713, 55.07207426352882
738.6250059250335, 55.07181624016695
754.8621705462538, 55.07155821680509
771.4562761223858, 55.09444166371051
788.4151692724839, 55.11732511061593
809.4053204079846, 55.14786862607673
827.9482555713521, 55.17459823371995
846.1490096965505, 55.20905241575902
871.8301345158623, 55.25498057417103
900.7356641645381, 55.34715942019738
925.5543526988458, 55.40854747837448
948.4753303935527, 55.5201076417176
966.6944776499853, 55.624018487478764
996.034228991858, 55.762512526959924
1018.8527077725274, 55.87023728053865
1043.1386338458465, 55.99337892998883
1068.9715385144375, 56.15507894557774
1098.425764345539, 56.305175973112775
1119.525291248961, 56.38594534860664
1144.1357719473006, 56.547677617115795
1185.2869522808562, 56.8249559723602
1214.640102331782, 56.96351451768183
1251.5051505928568, 57.10200855716299
1298.8695991747436, 57.27127188254657
1351.6956606403687, 57.51764118923421
1387.6821526712406, 57.70246117314359
1414.3379703551336, 57.77165981350382
1457.2639674752013, 57.95643679351956
1496.0610278486708, 58.1335429540065
1526.1808278651895, 58.27986907761761
1565.393734157934, 58.44155834223311
1608.5262768863918, 58.67265051570365
1637.9395608377486, 58.85756725837372
1676.9823771188549, 58.96528126097905
1710.7446186917687, 59.22731473592659
1748.3518507455724, 59.34276406390116
1803.0482508791988, 59.68952058481449
1841.015811023964, 59.966970955633485
1876.3796598112053, 60.13644930048529
1917.628040496757, 60.41388892033087
1970.4659761478206, 60.79925756224999
2008.3164174116234, 61.053587964748516
2052.4651586801006, 61.446734935930536
2109.018369047371, 61.724110049935646
2167.129835148881, 62.186616926079054
2208.757968559586, 62.510371739379444
2288.2004610556255, 62.938069651361225
2349.119727170459, 63.203884781206106
2418.2249184191132, 63.46581074641954
2469.146517432824, 63.619839942479665
2551.0110745764187, 63.68887731823873
2607.089851271202, 63.67704855974323
2664.401405521102, 63.618936860713134
2722.9728374268984, 63.54925442654941
2785.3543260370384, 63.402423007187984
2859.5094292720346, 63.224693290243195
2930.324019095993, 63.10869566262466
3011.0655751683853, 62.923241371284035
3133.52801116037, 62.660498332091365
3205.315044527354, 62.52909455957479
3275.777359806925, 62.41312918487649
3320.600748075202, 62.36668497974075
3440.0329374623166, 62.296841280975855
3554.087235575629, 62.21545909999755
3628.9271744461844, 62.13421668167359
3701.987403096085, 62.01827280892212
3783.3680474116327, 61.88687978737896
3898.1955139093106, 61.34655736568636
3951.5356258502243, 61.207547279481474
3994.7327428288036, 60.7445888624548
4049.393800981537, 60.32788113304246
4127.1781139681025, 59.587128314047646
4160.969979762617, 59.216768031010346
4210.269496679962, 58.645805335096256
4252.440420112451, 58.290851196957
4298.926946785865, 57.758468369128465
4357.750380281998, 57.31861916944884
4502.231601831793, 56.88625802275001
4601.2039830744925, 57.04027646783673
4858.258561494417, 58.70581726867674
4898.036253847808, 59.12226697472721
4978.571361924161, 59.64275653821977
5074.204133661, 60.14007237852481
5074.204133661, 60.371487081197685
5214.017729328534, 60.77228336996166
5314.173161699, 60.83376818689946
5445.776502064626, 60.67920144216878
5505.308255507509, 60.46308537465984
5641.644978855005, 59.999965693031996
5718.841203012894, 59.53697502308509
5828.693728086596, 58.98135396622857
5924.531009602554, 58.51833104336143
6071.24961421689, 57.870079599595286
6204.713657069197, 57.499558051956825
6329.631512044289, 57.09820271257547
6410.430949320811, 56.94377573049914
6683.247818964647, 56.5113070740662
6823.979833987071, 56.39920936205253
7107.953662907293, 56.38715483311539
7303.804782269384, 56.59510553631864
7484.680541767175, 56.71052261137298
7697.883303882364, 56.710189331197235
7909.989225401197, 56.52473503985661
8076.553260231328, 56.26993159452799
8209.35058062399, 55.96889896353186
8412.651814093244, 55.64462810350774
8550.975376423858, 54.95019047796773
8691.573299838059, 54.57973343616974
8931.059154771836, 53.83888385841422
8931.059154771836, 53.60746915574134
9412.936572510938, 52.95888443179947
9611.148814075403, 52.87764201347551
9822.43032260996, 52.958379136049146
10029.26544965639, 53.09698068526441
10259.029221008235, 53.32812661360201
10570.39684884977, 53.55918653415232
10960.508863069139, 53.466190614146726
11191.308997936783, 53.28081157961998
11426.969190208736, 52.894873136110064
11699.348629237042, 52.63232361443879
11913.28126324022, 52.60125330128086
12175.170459379595, 52.67813351214328
12465.384429908263, 52.631571046300024
12716.346709634086, 52.35363688167753
12925.43302576583, 51.79804807774124
13245.52612587833, 51.05723075290595
13463.313382401342, 50.54792488950424
13759.276874001996, 50.13112040133121
14449.201042472616, 49.2511639786101
15050.491644832371, 48.417587255184266
15423.210958700516, 47.74619434115084
15634.251117176387, 47.21377926040207
15805.160515022406, 46.750820843375394
15848.178997839863, 46.334242125643996
15934.567545258593, 45.778782333388634
16021.426997323602, 45.223322541133285
16108.759920939758, 44.62157980834335
16196.568897004214, 43.973554135018844
16284.856520482615, 43.32552846169433
16373.625400485718, 42.654361318102545
16462.87816034656, 41.8906282934416
16552.617437698096, 41.26574409038439
16642.845884550923, 40.710284298129025
16733.56616737178, 40.224248916675535
16916.49297953869, 39.76129049964886
17194.639469228256, 39.80737992266204
17620.45773327024, 40.15421170038924
18007.80756657036, 39.89939750408722
18604.856458224243, 38.60308813407634
19013.84629019998, 37.76973718109214
19013.84629019998, 37.306907775746396
19221.700506934714, 36.867090828987
19326.478146431233, 36.45047985833538
19431.82692965848, 36.05701035795102
19484.716472418313, 35.6867145807542
19751.331359759715, 35.27000685134187
19805.090529615332, 34.853428133610464
4787.668502864695, 58.21368595418974
4696.363488236312, 57.47620951619352
