21.578490411355567, 71.76391080707008
21.84187665060334, 71.76376444898327
22.041523958837686, 71.76365468041814
22.514493329540365, 71.76339855376622
23.349873525967777, 71.65728894082343
23.563304792504262, 71.65717917225832
26.3626537154558, 71.55015482127293
26.68443527136349, 71.55000846318612
26.92834634910205, 71.54989869462099
27.507170868744268, 71.44397202928674
27.758602222786628, 71.44386226072163
28.09843721530731, 71.33804536395249
28.877051816449473, 71.23204551957481
29.141004669820184, 71.2319357510097
30.314059442359458, 71.12578954854521
31.630124258597828, 71.01960675655903
32.30884683666341, 71.0193506299071
33.81391685629281, 70.9131312483992
35.822350241543525, 70.70109497012217
37.03899613883767, 70.59502194670108
37.37755385515079, 70.59491217813597
38.06535582512073, 70.48902210232342
38.764414657411145, 70.4888025651932
39.47773690609074, 70.38291248938064
43.50612678168508, 70.06473000863912
44.57628634872596, 69.95876675378315
45.67276959897303, 69.85280349892719
46.513215740148965, 69.74691342311463
47.65734339527068, 69.64095016825868
49.12671655191255, 69.53491373435931
50.797056996194044, 69.3231701722559
53.165298387719034, 69.11128025206568
54.47305333887117, 69.00531699720972
55.30743457676305, 68.89946351091886
57.3616387526907, 68.68768335929376
59.131282667234714, 68.52881165605322
59.67285388664718, 68.47586661814694
61.5149108535783, 68.26415964556524
62.64687569621033, 68.15826956975269
64.18785758384055, 68.05230631489673
64.97367813513675, 67.94648941812758
67.38690163703927, 67.73470926650248
69.25670987468087, 67.52303888344248
71.61148323754762, 67.31129532133907
72.70837930576161, 67.20544183504822
74.9528333234773, 66.99373486246652
77.03257614853968, 66.78206447940653
77.97564830790789, 66.67624758263739
80.62687127128544, 66.46450402053398
81.86185893096703, 66.35865053424314
83.36823754676189, 66.25276045843057
86.46778567265528, 65.93530976812315
88.59471203736646, 65.82934651326718
90.77723400076096, 65.6177127197289
91.88857528481066, 65.51189582295974
95.0128468510456, 65.30015226085635
98.24334569079447, 65.08840869875294
100.6635607893783, 64.87677490521465
101.89593553769615, 64.7709580084455
105.36046388769623, 64.5592144463421
106.32735822334982, 64.45343413909467
110.27652174809471, 64.24165398746955
115.42196000408964, 63.924093528597
122.28205296822196, 63.60638671163764
123.77909234442507, 63.50056981486849
127.9876623163439, 63.28882625276509
129.9480904101037, 63.182972766474236
132.33932641565585, 63.07708269066168
134.7745646810042, 62.97119261484913
137.2546149124524, 62.86530253903658
140.20490140667042, 62.75937587370231
143.2186042778424, 62.65344920836806
145.85403725829866, 62.547559132555506
149.89568847806748, 62.44155928817784
152.19168883862994, 62.33570580188699
155.9352855198986, 62.22974254703102
161.2313653162252, 62.12366952360995
169.77497741306865, 61.91170642437632
175.54109907566342, 61.805633400955244
177.1456456297704, 61.805523632390134
182.6074074058203, 61.69948719849076
193.45367567419675, 61.48745092021372
201.85233889549508, 61.38126812822753
206.1837079006763, 61.3810120015756
209.97779140382283, 61.275121925763045
214.4835172350888, 61.27486579911111
223.79517710145836, 61.168683007124926
225.84079366723552, 61.168573238559816
233.51109651459706, 61.06250021513873
236.3613241422551, 61.06235385705192
245.13130028605454, 60.956244244109136
247.37194128265793, 60.956134475544026
263.6500128854867, 60.8496955569059
269.30744296668615, 60.84943943025397
279.2998554679124, 60.74332981731119
301.31237018550837, 60.63674454058626
304.0665384562825, 60.63663477202114
328.030994655818, 60.530049495296204
331.0293865132622, 60.52993972673109
340.2022921724405, 60.42393988235342
345.4008081158179, 60.4237569347449
352.81245547558365, 60.42350080809297
368.12957459204426, 60.31731801610678
372.6229502804868, 60.31717165801996
380.61873326866214, 60.31691553136803
400.7731592343999, 60.21062297081673
404.43645629140957, 60.21051320225162
483.7416528558173, 59.89134280442407
488.16332963837715, 59.89123303585896
533.0459072666067, 59.89017193972953
539.5619864743934, 59.83719031230155
544.503723399127, 59.784245274395275
554.503370816214, 59.784025737265054
609.1694241213858, 59.78289146209221
783.5515744983107, 59.77985453179075
827.4884039393855, 59.88486645908239
837.5886961553799, 59.88472010099558
865.9734496959005, 59.989988154939155
881.8449504687708, 60.09543915649126
936.8922455282216, 60.411718982104155
986.3420475428992, 60.78094384562333
1016.6245010263129, 61.04475429711209
1028.9962263029715, 61.15027847770761
1067.0220931173753, 61.46685101949414
1086.5391665945408, 61.677972559728566
1103.0824577098026, 61.836295420143536
1123.279396280132, 61.9945816910368
1147.2999903853488, 62.205666641749524
1168.2854398499271, 62.41678818198396
1182.5027900042403, 62.52231236257946
1204.1321395634786, 62.73343390281389
1252.4002920072833, 63.10280512441989
1267.6412706906422, 63.20832930501539
1310.5289456263222, 63.472103166982464
1326.477316008928, 63.57762734757797
1350.7401268816657, 63.7887488878124
1367.1778438096662, 63.89427306840791
1404.9104868466534, 64.10528484007723
1417.7009859470243, 64.21084561019444
1448.0437351678383, 64.369095291566
1479.0359037227736, 64.52734497293756
1515.252943951941, 64.73839333412857
1533.6926855952895, 64.8439175147241
1590.3692722589808, 65.16049005651062
1629.3125242568922, 65.37153841770164
1649.1403042480079, 65.47706259829715
1689.522678057972, 65.68811095948817
1710.0831803875126, 65.79363514008368
1741.3625880951622, 66.00475668031811
1762.5539517945574, 66.11028086091362
1811.1658531193696, 66.3741279019241
1833.206681707149, 66.4796520825196
1872.374802233092, 66.7435723025735
1900.9172887718814, 66.84905989364731
1941.567159830133, 67.06014484436002
1965.1948960133075, 67.16566902495553
2025.4933033315092, 67.48231474578547
2087.6418568782037, 67.79896046661541
2251.606418464487, 68.43206896066677
2285.9299127846552, 68.53755655174058
2370.4905132804424, 68.74845855484477
2473.2251794663543, 68.85361684022324
2659.971638579812, 68.85273869170234
2741.9839927041494, 68.74670225780297
2843.7228634350517, 68.64059264486019
2904.8486562737285, 68.53466597952593
2967.2883473822462, 68.42873931419167
3012.7392551745625, 68.32288582790082
3105.7402928839824, 68.11117885531912
3221.0923197463862, 67.899398703694
3270.4308244267577, 67.79354521740316
3340.728700368739, 67.6876185520689
3475.3333403097977, 67.47580181092209
3517.7531278476195, 67.47565545283527
3772.1837884295946, 67.26347281647142
3924.030927745804, 67.15732661400693
4069.7755420084104, 66.94554646238183
4132.113599938788, 66.83969297609097
4221.085747492404, 66.62809577207439
4272.762436106453, 66.52227887530525
4378.02151587225, 66.31064508176695
4445.081076297591, 66.20479159547611
4736.901144770556, 66.52103483156729
4882.068001899363, 66.94335109107956
4971.366696395192, 67.154472631314
5412.980251236118, 66.62509543129462
5479.644418008424, 66.30793745716083
5513.383287043765, 66.09652320075277
5581.485507711851, 65.67369468793663
5615.851425315653, 65.46228043152857
5650.428938253896, 65.2508661751205
5685.2193493460345, 65.03945191871244
5755.444117427286, 64.61662340589632
5790.881120361261, 64.40520914948826
5862.411040083751, 63.982380636672126
5916.53089850575, 63.71809452140119
5953.174682771736, 63.401009726310804
6008.132441412357, 63.13672361103987
6082.236077612798, 62.766730367564904
6119.68518029366, 62.55531611115684
6271.235500978009, 61.9738354322304
6367.868818782104, 61.60380559923374
6426.422852549361, 61.445190022645136
6564.91429659368, 61.18075754928738
6625.040992321781, 61.12781251138111
6891.479458175916, 61.12733684759895
6954.220438925407, 61.23289761771616
7081.42120839251, 61.44401915795059
7254.037618721889, 61.972079135188594
7319.68292675247, 62.2361457133293
7453.030191824561, 62.65860833092838
7634.7049263064655, 63.18666830816638
7704.0732462660235, 63.345064347624756
7844.989694567061, 63.55618588785919
7989.060575196923, 63.555966350728966
8161.522041784122, 63.18586333868889
8286.983513242923, 62.921504044374544
8492.05235872563, 62.39285863478928
8596.947591570772, 61.970030121973146
8649.72393280907, 61.81145113490625
8756.408664179662, 61.441457891431284
8837.24496070516, 61.17717177616035
8973.903879579058, 60.64863613514019
9028.994341437025, 60.49005714807329
9140.68699181655, 60.01439336591599
9196.801328991944, 59.8558143788491
9339.189023063474, 59.274443468487775
9483.43877897007, 58.79874309680878
9541.829520149722, 58.587328840400716
9659.342994228777, 58.27017086626691
9748.514884722781, 58.005884750995975
9838.50998090055, 57.74159863572505
9898.908227429085, 57.58301964865815
10143.682464429776, 57.10720950841404
10206.138410125586, 56.895795252005975
10426.460384384596, 56.52569223996589
10522.334110868956, 56.36707666337729
10716.734413773836, 56.049845510200086
10881.082515454063, 55.89115675456807
11217.17601299582, 55.626614512645205
11561.563248311404, 55.890424964133985
11666.610689749241, 56.048821003592366
12171.350839097056, 56.36532036633548
12432.524982850455, 56.36506423968355
12853.846520670146, 56.47033229362712
13050.026190539633, 56.52298461535977
13450.442350965575, 56.83963033618971
13572.651997259103, 56.99802637564809
13821.41061305735, 57.10347737720019
14161.388356233321, 56.99751412234423
14379.600850623225, 56.62748428934756
14601.966612217722, 56.098948648327394
14874.154797640927, 55.306200071079715
15059.24212557702, 54.619195211557766
15152.237349682347, 54.35494568580854
15246.357342140158, 53.985025621376984
15247.183122881954, 53.82651981335349
15436.35487245621, 53.245185492513876
15437.190943938147, 53.086679684490385
15629.284441788925, 52.39967482496843
15726.65159244566, 51.976919491195716
15824.053944950108, 51.65983469610532
15922.634468594504, 51.23707936233261
16220.31906906348, 50.28582497706143
16420.971584539187, 49.81016119490414
16877.524181010678, 49.43998500382065
17664.700710536345, 49.17525981428926
17880.3153804642, 49.175113456202446
18372.797802836776, 49.54463103589526
18651.86255073343, 49.80862443499255
19400.931430038727, 49.96665457923389
19578.62055867533, 49.913709541327606
