20.420960646048645, 64.54455044896694
20.934024244439374, 64.57537761185984
21.459978238172233, 64.63668653526025
21.999146490200268, 64.69799545866067
22.551861000326454, 64.69834086104603
23.11846210963686, 64.69868626343138
23.699298710070003, 64.69903166581673
24.294728459251665, 64.6993770682021
24.905118000727086, 64.69972247058745
25.530843189726532, 64.7000678729728
26.172289324602907, 64.77661767662698
26.829851384084293, 64.82268571977365
27.503934270487104, 64.88399464317406
28.19495305903998, 64.85385828505188
28.903333253471615, 64.82372192692971
29.629511048020273, 64.82406732931506
30.373933596025946, 64.79393097119288
31.137059285270812, 64.79427637357824
31.91935802023742, 64.82510353647113
32.7213115114584, 64.82544893885648
33.543413572136004, 64.78007170048053
34.386170422213894, 64.76517622261213
35.25010100008862, 64.76552162499748
36.135737282152654, 64.81158966814414
37.04362461036562, 64.82717595078326
37.97432202805577, 64.8275213531686
38.92840262415801, 64.7669032345389
39.90645388610088, 64.67580335540165
40.90907806155948, 64.64566699727948
41.93689252929717, 64.58504887864976
42.99053017932466, 64.50918987976628
44.07063980261005, 64.44857176113656
45.177886490580335, 64.35747188199932
46.312952044659966, 64.28161288311584
47.476535396098825, 64.1905130039786
48.669353036348305, 64.09941312484133
49.89213945825005, 64.0997585272267
51.145647608309304, 64.03914040859698
52.43064935033173, 63.96328140971351
53.7479359407081, 63.88742241083003
55.09831851564098, 63.85728605270785
56.4826285906121, 63.7661861735706
57.90171857239869, 63.72080893519466
59.356462283954244, 63.64494993631117
60.84775550247586, 63.569090937427696
62.37651651099091, 63.47799105829045
63.943686663801564, 63.40213205940697
65.55023096613567, 63.32627306052349
67.19713866836157, 63.235173181386244
68.88542387513128, 63.144073302249
70.61612616982887, 62.99200990209668
72.3903112547072, 62.90091002295944
74.2090716071077, 62.779328383314656
76.07352715216776, 62.657746743669875
77.98482595242857, 62.59712862504016
79.94414491476982, 62.53651050641045
81.95269051510517, 62.47589238778074
84.01169954128517, 62.41527426915103
86.12243985466577, 62.278451749252476
88.28621117080968, 62.156870109607695
90.50434585980356, 62.03528846996292
92.77820976668178, 61.95942947107944
95.1092030524631, 61.86832959194219
97.49876105631797, 61.73150707204364
99.94835517939717, 61.6404071929064
102.4594937908659, 61.53406643351538
105.03372315670168, 61.44296655437814
107.67262839182729, 61.33662579498712
110.3778344361663, 61.23028503559611
113.15100705522006, 61.09346251569756
115.99385386578467, 60.98712175630655
118.90812538743829, 60.88078099691554
121.89561612044542, 60.77444023752452
124.95816565074449, 60.668099478133506
128.09765978269573, 60.546517838488725
131.31603170028995, 60.42493619884395
134.61526315753187, 60.28811367894541
137.9973856987298, 60.16653203930062
141.46448190944625, 60.014468639148305
145.01868669887597, 59.89288699950353
148.66218861444418, 59.67986007833615
152.39723118943334, 59.52779667818383
156.22611432446655, 59.43669679904659
160.1511957037024, 59.528487482954546
164.17489224660818, 59.69648256813133
168.2996815962099, 59.86447765330812
172.52810364473243, 59.89530481620101
176.8627620975717, 59.84992757782506
181.30632607655932, 59.743586818434046
185.86153176350842, 59.622005178789266
190.5311840850534, 59.515664419398256
195.31815843981946, 59.42456454026101
200.22540246898674, 59.33346466112376
205.25593787133812, 59.227123901732746
210.41286226390883, 59.13602402259551
215.69935108938458, 59.060165023712024
221.11865957142095, 58.96906514457478
226.67412471909003, 58.893206145691295
232.36916738168634, 58.83258802706158
238.2072943551584, 58.7567290281781
244.1921005414642, 58.69611090954839
250.32727116217808, 58.62025191066491
256.616584027714, 58.544392911781436
263.06391186356063, 58.49901567340548
269.67322469496156, 58.40791579426824
276.44859229151007, 58.36253855589229
283.39418667316204, 58.30192043726258
290.51428467921136, 58.25654319888663
297.81327060180894, 58.18068420000316
305.295638885646, 58.15054784188098
312.96599689546747, 58.10517060350503
320.82906775311574, 58.04455248487531
328.8896932458544, 57.99917524649937
337.152836807761, 57.96903888837719
345.62358657602454, 57.90842076974747
354.30715852403273, 57.90876617213283
363.20889967317424, 57.83290717324935
372.3342913853369, 57.78752993487341
381.68895273812643, 57.78787533725876
391.2786439848851, 57.72725721862905
401.1092701016431, 57.66663909999934
411.1868844231831, 57.66698450238469
421.5176923704598, 57.63684814426251
432.10805527166815, 57.60671178614033
442.9644942793112, 57.60705718852569
454.0936943856859, 57.546439069895975
465.50250853925195, 57.546784472281324
477.19796186442534, 57.54712987466668
489.1872559873858, 57.5169935165445
501.477773470575, 57.486857158422325
514.0770823586009, 57.487202560807674
526.9929408383606, 57.48754796319303
540.2333020162449, 57.48789336557839
553.8063188153634, 57.488238767963736
849.6762330676286, 58.103832169261786
873.7296911105491, 58.226147788975446
895.6815917636031, 58.348420233390925
1036.2532504589676, 59.356347569153506
1062.2884517768573, 59.84440113965939
1088.977770905584, 60.31721382991152
1116.3376421375199, 60.65285859787975
1144.384912666144, 60.86657632381783
1173.13685295991, 61.03457140899462
1202.6111673967707, 61.23304825467895
1232.8260051658679, 61.431525100363274
1263.7999714431335, 61.66048370655513
1295.5521388476657, 61.85896055223945
1328.1020591859426, 62.05743739792378
1361.4697754910978, 62.271155123861874
1395.6758343646727, 62.484872849799956
1430.7412986284555, 62.713831455991816
1466.6877602941834, 62.927549181929905
1489.6114924737026, 63.11065562146595
1691.620173420286, 64.17928742645458
1734.1210502560325, 64.34728251163136
1777.68973448743, 64.56100023756946
1822.3530540935446, 64.80519972401508
1850.8356899206774, 64.94258352278983
1953.0666613475316, 65.30911302071516
2000.0672475629658, 65.53805723514097
2050.3176602073227, 65.78225672158659
2101.830582386797, 66.04169708828599
2154.6377338474076, 66.27065569447784
2208.7716312735347, 66.46913254016216
2243.29383203894, 66.53031193766807
2335.5978305819226, 66.77472730060455
2394.278234903831, 66.83603622400497
2454.432946919599, 66.86686338689786
2516.099007668752, 66.86720878928321
2579.3143888232953, 66.83707243116103
2644.1180160692425, 66.74597255202379
2710.549793075615, 66.65487267288654
2778.6506260656506, 66.518050152988
2848.462449005318, 66.39646851334322
2920.0282494247194, 66.21392335268337
2993.392094888196, 66.04661907227728
3068.599160129509, 65.8793147918712
3145.695754868772, 65.69676963121135
3224.7293523282365, 65.49898359029774
3305.7486184645677, 65.30119754938413
3388.803441935511, 65.08817062821674
3473.9449648194845, 64.93610722806443
3561.2256141069875, 64.67735766613575
3650.6991339831675, 64.44908986471461
3742.420618921526, 64.25130382380098
3836.446547609024, 64.11448130390244
3932.834817723574, 63.97765878400389
4031.6447815852925, 63.88655890486665
4132.937282703429, 63.7497363849681
4236.774693241575, 63.59767298481579
4343.220952424095, 63.384646063648404
4447.740646947084, 63.146203283625354
4564.20384614127, 62.958592221313644
4678.876553741983, 62.7303244198925
4796.4303399079345, 62.42585221720251
4916.937589898637, 62.197584415781364
5040.472507607032, 61.84738957233008
5167.111161251509, 61.420990327609964
5296.93153021586, 60.99459108288984
5430.01355306613, 60.50722831715466
5566.439176773782, 60.01986555141948
5688.620383281375, 59.51213843671443
5813.483420444008, 59.045053669352775
5959.543479741709, 58.435763861587446
6090.353175036238, 57.96867909422579
6204.7586561107055, 57.56251467258102
6340.950730544088, 57.095429905219355
6500.2630692445055, 56.60806713948417
6663.5780287412, 56.15118613425652
6830.996172326174, 55.69430512902886
7002.620589879967, 55.31362852507005
7178.556961350527, 54.93295192111123
7366.52603951393, 54.65897587069484
7543.801628248587, 54.47641631826893
7733.334827789025, 54.30911203786285
7927.6299279597215, 54.32469832050198
8126.8065684737485, 54.431729884663696
8330.987394915586, 54.56924320933295
8540.298134261746, 54.813442695778576
8727.754405109472, 55.250650156807076
8891.702687371502, 55.75893855038832
9002.708948812575, 56.28746176704492
9171.822170765616, 56.85671368164123
9373.140152173388, 57.42092847811779
9549.21181459901, 57.68028249422084
9911.339631129744, 57.46742827424614
10160.355711428781, 56.980065508510954
10383.371625183587, 56.55362308849267
10611.28265277104, 56.05097626720555
10844.19624006369, 55.66009590111272
11220.575451348876, 55.167782367854116
11502.485245744261, 55.19860953074701
11791.477843737433, 55.57997693947654
12125.282423105726, 56.35257011668424
12353.052263197294, 56.88117968393718
12624.197025879072, 57.242182743696844
12901.29331218133, 57.04435352748506
13102.935270793276, 56.4958977148403
13184.471755766574, 56.03875765782363
13266.515623112173, 55.64258112182203
13349.070030151264, 55.18544106480537
13432.138153852302, 54.67749807360948
13515.723190953271, 54.118752148234364
13599.828358084676, 53.50920328868003
13698.612758782656, 52.859026473548376
13855.297106960246, 51.68055671001702
13927.108485235198, 50.9490664166665
14028.270134407885, 50.43097723040082
14115.564760640613, 49.91287365236908
14188.725094393525, 49.24234688003362
14291.787035192538, 48.724257693767946
14380.72146513161, 48.14519059472114
14470.209313114843, 47.62708701668941
14560.254022932588, 47.13946519916521
14650.859059805092, 46.68232514214854
14742.027910515853, 46.16422156411681
14849.108849618078, 45.64613237785113
15003.432260709274, 45.05696225903271
15128.044962622327, 44.46776335668218
15301.07911621941, 44.06149819267501
15492.101651320354, 43.45203568371702
15685.508959981335, 42.964500216789155
15881.330814317615, 42.53792827087636
16129.549545050575, 42.030114805574975
16432.53835738735, 41.52234451557177
16741.218724850663, 41.01457422556855
17055.69756161829, 40.466161588221965
17322.271166186332, 39.97866929659227
17538.526773175698, 39.52161559017194
17757.482169765764, 38.942634841721485
17960.591752322696, 38.39412146201249
18147.252097566656, 37.90655721155252
18430.8862548432, 37.236174356877626
18564.761771877536, 36.66728223643272
18757.701118726305, 36.20003915964444
18893.950504725588, 35.77339525490136
19011.523115715183, 35.31625519788469
19129.82735341521, 34.920078661883096
19248.867770566652, 34.371493323343834
19368.648948241113, 33.85338974531209
19489.17549601713, 33.457213209310495
19671.373040708877, 32.83246664480056
19916.955428631398, 32.543062621171664
