20.27539844	84.01022713
20.8833172	83.92253061
21.50946324	83.93264944
22.15438306	84.07094011
22.81863956	84.32728379
23.50281251	84.63084867
24.20749907	84.86020881
24.9333143	84.99512653
25.6808917	85.086196
26.45088377	85.19750312
27.24396257	85.38976088
28.06082031	85.68320693
28.90216995	85.94966944
29.76874584	86.06434951
30.66130434	86.14530015
31.58062449	86.25323433
32.52750868	86.4151356
33.50278337	86.60402041
34.50729979	86.71870048
35.5419347	86.76254874
36.60759115	86.82326172
37.70519925	86.94131473
38.83571702	87.08972423
40.00013119	87.2280149
41.19945807	87.35281379
42.43474446	87.46412092
43.70706853	87.55519038
45.01754078	87.63614102
46.36730502	87.72721048
47.75753935	87.82502583
49.18945717	87.89923058
50.66430829	87.98355416
52.18337998	88.07125068
53.7479981	88.1353366
55.35952829	88.18593075
57.01937711	88.21966018
58.7289933	88.26350844
60.48986903	88.30735671
62.30354123	88.32422142
64.1715929	88.35457791
66.0956545	88.41529089
68.07740538	88.4321556
70.11857524	88.48207516
72.22094565	88.5569545
74.38635158	88.59742982
76.61668304	88.63453219
78.9138867	88.65139691
81.27996758	88.65476985
83.71699083	88.62441336
86.22708354	88.59068393
88.81243654	88.57044627
91.47530637	88.41529089
94.21801722	88.09823423
97.04296297	87.76093991
99.95260928	87.50796918
102.9494957	87.41352677
106.0362381	87.49785035
109.2155304	87.65975162
112.4901477	87.7912964
115.9342797	87.88748775
119.3368754	87.91946824
122.9149617	87.94645179
126.6003301	87.93296002
130.3961971	87.91946824
134.3058759	87.93296002
138.3327789	87.90597647
142.4804208	87.84863644
146.7524217	87.83851761
151.1525104	87.82502583
155.6845272	87.78117757
160.3524279	87.74070226
165.1602866	87.7204646
170.1122996	87.67324339
175.2127892	87.62939513
180.4662072	87.59229276
185.8771388	87.5484445
191.4503067	87.48098563
197.1905754	87.42027266
203.1029549	87.40678088
209.1926058	87.40678088
215.4648431	87.40678088
221.9251414	87.41015383
228.5791393	87.43713737
235.4326444	87.4708668
242.4916388	87.50796918
249.7622834	87.55181744
257.2509244	87.57880098
264.9640978	87.59903864
272.9085359	87.6192763
281.0911726	87.59903864
289.51915	87.62939513
298.199824	87.67324339
307.1407713	87.71709165
316.3497956	87.75082109
325.8349349	87.77443169
335.6044677	87.7912964
345.6669212	87.81490701
356.031078	87.8688741
366.705984	87.9675889
377.7009566	88.01615928
389.0255922	88.06113186
400.6897752	88.12521778
412.7036863	88.20616841
425.0778113	88.26688139
437.8229506	88.30061082
450.9502284	88.34445908
464.4711024	88.39842617
478.3973737	88.46251209
492.7411974	88.5333439
507.515093	88.60080276
522.7319554	88.69187222
538.4050662	88.78294169
554.5481049	88.90436764
571.1751616	89.0257936
588.3007486	89.11506416
605.9398133	89.20793253
624.1077514	89.27876433
642.8204201	89.34285025
662.0941521	89.37657968
681.9457699	89.45753032
702.3926001	89.5182433
723.4524892	89.55534567
745.1438185	89.71050106
767.4855205	89.93536393
790.4970954	90.13099464
814.1986281	90.31763082
838.6108056	90.47278621
863.7549352	90.59421216
889.652963	90.73587577
916.3274934	90.94162531
943.8018081	91.12376424
972.0998873	91.27554668
1001.24643	91.40371852
1031.266875	91.53189036
1062.187426	91.67355397
1094.03507	91.85231996
1126.837604	92.03783183
1160.623659	92.23008959
1195.422724	92.41222852
1231.265171	92.54040036
1268.182286	92.65170748
1306.206289	92.81360876
1345.370368	92.97213708
1385.708707	93.11042775
1427.256513	93.25209136
1470.05005	93.37351732
1514.126669	93.47807856
1559.524841	93.59275862
1606.284189	93.71081163
1654.445526	93.8254917
1704.050888	93.91656117
1755.143572	94.00763063
1807.768171	94.13580247
1861.970617	94.29770374
1917.798219	94.52031799
1975.299705	94.84412053
2030.022399	95.14219234
2091.0669	95.50599576
2150.095835	95.97509432
2210.163193	96.4234363
2278.946802	96.89999184
2349.685649	97.2962502
2420.136447	97.59644214
2492.699576	97.88314231
2567.438371	98.23055546
2644.418065	98.47003442
2723.705847	98.51388268
2805.37092	98.43630499
2889.484563	98.36884612
2976.120192	98.38908378
3065.353423	98.47678031
3157.26214	98.60495215
3251.926564	98.7499887
3349.429317	98.69602161
3449.855503	98.40932144
3553.292775	98.04167064
3659.831414	97.69425749
3769.564409	97.61330686
3875.425349	97.96746589
3916.530832	98.37135174
3970.620462	98.82082051
4027.58126	99.31037911
4073.522774	99.7742391
4119.988331	100.2162553
4182.767925	100.6557016
4273.847694	101.1380325
4401.990785	101.1481513
4517.263826	100.750144
4595.784686	100.3543853
4704.536328	99.94513489
4827.732	99.54600328
4972.482244	99.30989726
5121.572546	99.28965961
5275.133033	99.42795027
5433.297735	99.63369981
5596.204702	99.77873636
5742.75011	99.5943488
5854.091091	99.07986254
5936.81844	98.55997957
5991.880867	98.09226479
6058.630305	97.5930692
6126.123331	97.03990652
6194.368228	96.53171642
6293.513829	96.03342029
6493.659614	95.98754826
6637.237355	96.41928498
6737.248723	96.89149702
6907.294408	97.35021729
7114.396326	97.41093027
7327.707795	97.18831602
7547.414998	97.03653358
7759.369578	97.22879134
7953.744506	97.62544945
8068.271098	98.10768396
8197.938513	98.56897409
8297.770687	99.00520807
8494.123704	99.40771262
8716.555672	99.266049
8858.978282	98.78184428
8977.904803	98.2811496
9061.172504	97.82242933
9162.113793	97.33672552
9264.179565	96.82853542
9382.219157	96.33062476
9526.300336	95.87361774
9809.915338	95.58954097
10104.04675	95.3264514
10324.06237	94.78827958
10464.80346	94.3100712
10581.38117	93.84505477
10640.15613	93.40162518
10719.03089	92.92491588
10778.57043	92.47968738
10865.15633	91.97599454
10891.93782	91.47679895
10979.43442	90.87753939
11060.82423	90.14561072
11122.26228	89.52049193
11190.92711	88.67500751
11225.41833	88.20549382
11266.94815	87.73058343
11302.6674	87.17163856
11383.11667	86.45336229
11420.54298	85.7742764
11462.79468	85.27957807
11485.3928	84.79477371
11555.89305	84.25741568
11590.48999	83.69204616
11613.33986	83.21353796
11684.62548	82.68080568
11719.60783	82.12250328
11777.45429	81.64309563
11821.02643	81.18437536
11864.75977	80.74724193
12010.231	80.23185621
12212.98274	80.09873739
12318.67088	80.57544669
12409.98837	81.07464228
12501.98278	81.58732963
12621.81893	82.09776836
12680.21586	82.582123
12841.78089	83.05472052
13022.94975	83.53014489
13298.33728	84.00385602
13476.85956	84.47007171
13626.99152	84.92879198
13778.79594	85.36052871
13980.96712	85.80875537
14314.74003	85.72030931
14429.73251	85.30746107
14554.60386	84.81636054
14653.47467	84.3441485
14762.09989	83.80897486
14844.09692	83.29179024
14931.1435	82.76898405
15051.74934	82.18739228
15186.00857	81.62330769
15393.02935	81.10612308
15854.55969	80.88688177
16214.04244	80.5067029
16390.34269	80.03577578
16522.00881	79.54107746
16634.24439	79.10484348
16757.55293	78.66860949
16881.77555	78.28184535
17196.37577	77.90857297
17722.88044	77.91157114
18008.76532	78.40776856
18157.15713	79.10484348
18306.77168	79.80941382
18366.96213	80.40904816
18487.93736	81.04765873
18632.6308	81.83617788
18755.35588	82.49577566
19039.85863	83.04520215
19425.0005	83.02195479
19460.89991	82.53400235
19650.46318	82.02645471
19835.76787	81.45241191
19896.9031	81.1465984