* Measurement data measured by REW V5.20.7
* Source: C:\Users\Angelo\Desktop\Crinacle OE Targets\Harman In-room Flat.txt
* Format: Comma/Tab/Space delimited data
* Dated: sep 27, 2022 2:36:22 p.m.
* REW Settings:
*  C-weighting compensation: Off
*  Target level: 75.0 dB
* Note: Measurement imported from C:\Users\Angelo\Desktop\Crinacle OE Targets\Harman In-room Flat.txt Format: Comma/Tab/Space delimited data 526 values loaded, 10 Hz to 19,895 Hz log spaced
* Measurement: Harman In-room Flat
* Smoothing: 1/48 octave
* Frequency Step: 96 ppo
* Start Frequency: 10.145 Hz
*
* Freq(Hz) SPL(dB) Phase(degrees)
10.145000 -3.766 0.0000
10.218515 -3.767 0.0000
10.292563 -3.768 0.0000
10.367147 -3.770 0.0000
10.442272 -3.772 0.0000
10.517941 -3.774 0.0000
10.594159 -3.776 0.0000
10.670929 -3.777 0.0000
10.748255 -3.779 0.0000
10.826141 -3.781 0.0000
10.904593 -3.783 0.0000
10.983612 -3.784 0.0000
11.063204 -3.786 0.0000
11.143373 -3.788 0.0000
11.224122 -3.790 0.0000
11.305457 -3.792 0.0000
11.387382 -3.794 0.0000
11.469899 -3.796 0.0000
11.553015 -3.798 0.0000
11.636733 -3.799 0.0000
11.721058 -3.801 0.0000
11.805993 -3.803 0.0000
11.891544 -3.805 0.0000
11.977715 -3.807 0.0000
12.064511 -3.809 0.0000
12.151936 -3.811 0.0000
12.239993 -3.813 0.0000
12.328690 -3.815 0.0000
12.418028 -3.817 0.0000
12.508014 -3.819 0.0000
12.598652 -3.822 0.0000
12.689947 -3.824 0.0000
12.781903 -3.826 0.0000
12.874526 -3.828 0.0000
12.967820 -3.830 0.0000
13.061790 -3.832 0.0000
13.156442 -3.834 0.0000
13.251779 -3.836 0.0000
13.347806 -3.839 0.0000
13.444530 -3.841 0.0000
13.541954 -3.843 0.0000
13.640084 -3.845 0.0000
13.738926 -3.848 0.0000
13.838484 -3.850 0.0000
13.938764 -3.852 0.0000
14.039769 -3.854 0.0000
14.141507 -3.857 0.0000
14.243982 -3.859 0.0000
14.347200 -3.862 0.0000
14.451166 -3.864 0.0000
14.555885 -3.867 0.0000
14.661364 -3.869 0.0000
14.767606 -3.871 0.0000
14.874618 -3.873 0.0000
14.982406 -3.876 0.0000
15.090975 -3.878 0.0000
15.200330 -3.881 0.0000
15.310477 -3.884 0.0000
15.421423 -3.887 0.0000
15.533173 -3.889 0.0000
15.645732 -3.892 0.0000
15.759108 -3.894 0.0000
15.873304 -3.897 0.0000
15.988329 -3.900 0.0000
16.104187 -3.903 0.0000
16.220884 -3.905 0.0000
16.338427 -3.908 0.0000
16.456821 -3.910 0.0000
16.576075 -3.913 0.0000
16.696192 -3.916 0.0000
16.817179 -3.919 0.0000
16.939043 -3.921 0.0000
17.061790 -3.924 0.0000
17.185427 -3.927 0.0000
17.309959 -3.930 0.0000
17.435394 -3.933 0.0000
17.561739 -3.936 0.0000
17.688999 -3.939 0.0000
17.817181 -3.942 0.0000
17.946291 -3.945 0.0000
18.076338 -3.948 0.0000
18.207327 -3.951 0.0000
18.339264 -3.954 0.0000
18.472158 -3.957 0.0000
18.606016 -3.960 0.0000
18.740843 -3.963 0.0000
18.876646 -3.966 0.0000
19.013433 -3.969 0.0000
19.151213 -3.972 0.0000
19.289989 -3.975 0.0000
19.429773 -3.979 0.0000
19.570570 -3.982 0.0000
19.712387 -3.986 0.0000
19.855230 -3.990 0.0000
19.999109 -3.994 0.0000
20.144032 -3.999 0.0000
20.290003 -4.006 0.0000
20.437033 -4.014 0.0000
20.585129 -4.024 0.0000
20.734297 -4.036 0.0000
20.884546 -4.050 0.0000
21.035885 -4.062 0.0000
21.188320 -4.074 0.0000
21.341860 -4.083 0.0000
21.496511 -4.090 0.0000
21.652285 -4.095 0.0000
21.809187 -4.099 0.0000
21.967226 -4.102 0.0000
22.126410 -4.104 0.0000
22.286747 -4.107 0.0000
22.448246 -4.111 0.0000
22.610916 -4.115 0.0000
22.774765 -4.120 0.0000
22.939800 -4.125 0.0000
23.106031 -4.131 0.0000
23.273468 -4.137 0.0000
23.442118 -4.145 0.0000
23.611988 -4.153 0.0000
23.783091 -4.162 0.0000
23.955433 -4.172 0.0000
24.129025 -4.183 0.0000
24.303873 -4.192 0.0000
24.479988 -4.199 0.0000
24.657381 -4.204 0.0000
24.836058 -4.208 0.0000
25.016029 -4.210 0.0000
25.197306 -4.212 0.0000
25.379896 -4.213 0.0000
25.563808 -4.214 0.0000
25.749054 -4.215 0.0000
25.935642 -4.216 0.0000
26.123583 -4.216 0.0000
26.312885 -4.217 0.0000
26.503559 -4.217 0.0000
26.695616 -4.218 0.0000
26.889063 -4.218 0.0000
27.083912 -4.218 0.0000
27.280172 -4.217 0.0000
27.477856 -4.216 0.0000
27.676971 -4.214 0.0000
27.877531 -4.211 0.0000
28.079544 -4.209 0.0000
28.283020 -4.206 0.0000
28.487970 -4.202 0.0000
28.694407 -4.199 0.0000
28.902338 -4.196 0.0000
29.111776 -4.193 0.0000
29.322733 -4.190 0.0000
29.535217 -4.187 0.0000
29.749241 -4.184 0.0000
29.964817 -4.180 0.0000
30.181955 -4.176 0.0000
30.400665 -4.172 0.0000
30.620960 -4.167 0.0000
30.842852 -4.162 0.0000
31.066351 -4.156 0.0000
31.291470 -4.151 0.0000
31.518221 -4.145 0.0000
31.746614 -4.140 0.0000
31.976664 -4.135 0.0000
32.208378 -4.130 0.0000
32.441772 -4.124 0.0000
32.676861 -4.119 0.0000
32.913651 -4.114 0.0000
33.152157 -4.109 0.0000
33.392391 -4.104 0.0000
33.634365 -4.098 0.0000
33.878094 -4.091 0.0000
34.123589 -4.083 0.0000
34.370861 -4.073 0.0000
34.619926 -4.061 0.0000
34.870796 -4.048 0.0000
35.123486 -4.034 0.0000
35.378006 -4.020 0.0000
35.634369 -4.006 0.0000
35.892590 -3.992 0.0000
36.152683 -3.980 0.0000
36.414661 -3.969 0.0000
36.678535 -3.960 0.0000
36.944324 -3.953 0.0000
37.212040 -3.949 0.0000
37.481693 -3.948 0.0000
37.753300 -3.949 0.0000
38.026875 -3.950 0.0000
38.302433 -3.953 0.0000
38.579987 -3.956 0.0000
38.859554 -3.960 0.0000
39.141148 -3.964 0.0000
39.424782 -3.970 0.0000
39.710468 -3.976 0.0000
39.998226 -3.984 0.0000
40.288071 -3.992 0.0000
40.580013 -4.001 0.0000
40.874073 -4.011 0.0000
41.170265 -4.021 0.0000
41.468601 -4.031 0.0000
41.769100 -4.042 0.0000
42.071777 -4.052 0.0000
42.376648 -4.061 0.0000
42.683727 -4.070 0.0000
42.993031 -4.078 0.0000
43.304577 -4.086 0.0000
43.618382 -4.094 0.0000
43.934460 -4.100 0.0000
44.252827 -4.105 0.0000
44.573502 -4.108 0.0000
44.896500 -4.111 0.0000
45.221840 -4.113 0.0000
45.549538 -4.115 0.0000
45.879608 -4.116 0.0000
46.212070 -4.118 0.0000
46.546944 -4.120 0.0000
46.884243 -4.122 0.0000
47.223984 -4.123 0.0000
47.566189 -4.125 0.0000
47.910873 -4.127 0.0000
48.258057 -4.129 0.0000
48.607754 -4.131 0.0000
48.959984 -4.133 0.0000
49.314770 -4.135 0.0000
49.672127 -4.136 0.0000
50.032070 -4.137 0.0000
50.394623 -4.137 0.0000
50.759804 -4.137 0.0000
51.127632 -4.137 0.0000
51.498123 -4.137 0.0000
51.871300 -4.137 0.0000
52.247181 -4.136 0.0000
52.625786 -4.136 0.0000
53.007133 -4.136 0.0000
53.391247 -4.136 0.0000
53.778141 -4.135 0.0000
54.167839 -4.133 0.0000
54.560360 -4.130 0.0000
54.955727 -4.126 0.0000
55.353958 -4.121 0.0000
55.755077 -4.116 0.0000
56.159103 -4.111 0.0000
56.566055 -4.106 0.0000
56.975956 -4.102 0.0000
57.388828 -4.100 0.0000
57.804691 -4.098 0.0000
58.223568 -4.097 0.0000
58.645481 -4.097 0.0000
59.070450 -4.098 0.0000
59.498497 -4.099 0.0000
59.929649 -4.101 0.0000
60.363926 -4.104 0.0000
60.801350 -4.107 0.0000
61.241940 -4.110 0.0000
61.685722 -4.113 0.0000
62.132721 -4.117 0.0000
62.582962 -4.121 0.0000
63.036465 -4.126 0.0000
63.493252 -4.132 0.0000
63.953350 -4.138 0.0000
64.416786 -4.145 0.0000
64.883575 -4.151 0.0000
65.353752 -4.157 0.0000
65.827332 -4.163 0.0000
66.304344 -4.170 0.0000
66.784813 -4.177 0.0000
67.268761 -4.185 0.0000
67.756218 -4.194 0.0000
68.247208 -4.203 0.0000
68.741753 -4.210 0.0000
69.239883 -4.217 0.0000
69.741623 -4.222 0.0000
70.247002 -4.226 0.0000
70.756042 -4.230 0.0000
71.268768 -4.235 0.0000
71.785210 -4.239 0.0000
72.305397 -4.243 0.0000
72.829353 -4.246 0.0000
73.357101 -4.249 0.0000
73.888680 -4.252 0.0000
74.424110 -4.254 0.0000
74.963417 -4.256 0.0000
75.506630 -4.257 0.0000
76.053780 -4.259 0.0000
76.604897 -4.260 0.0000
77.160004 -4.261 0.0000
77.719139 -4.261 0.0000
78.282326 -4.261 0.0000
78.849594 -4.261 0.0000
79.420967 -4.260 0.0000
79.996483 -4.259 0.0000
80.576172 -4.257 0.0000
81.160057 -4.256 0.0000
81.748177 -4.255 0.0000
82.340561 -4.254 0.0000
82.937233 -4.253 0.0000
83.538231 -4.251 0.0000
84.143585 -4.249 0.0000
84.753326 -4.247 0.0000
85.367485 -4.243 0.0000
85.986092 -4.236 0.0000
86.609184 -4.226 0.0000
87.236794 -4.213 0.0000
87.868950 -4.196 0.0000
88.505684 -4.177 0.0000
89.147034 -4.157 0.0000
89.793030 -4.137 0.0000
90.443710 -4.117 0.0000
91.099106 -4.096 0.0000
91.759247 -4.075 0.0000
92.424171 -4.053 0.0000
93.093918 -4.031 0.0000
93.768517 -4.009 0.0000
94.448006 -3.988 0.0000
95.132416 -3.967 0.0000
95.821785 -3.947 0.0000
96.516151 -3.928 0.0000
97.215546 -3.910 0.0000
97.920006 -3.893 0.0000
98.629578 -3.880 0.0000
99.344292 -3.869 0.0000
100.064178 -3.862 0.0000
100.789284 -3.857 0.0000
101.519646 -3.853 0.0000
102.255302 -3.849 0.0000
102.996284 -3.845 0.0000
103.742638 -3.842 0.0000
104.494400 -3.839 0.0000
105.251610 -3.837 0.0000
106.014305 -3.835 0.0000
106.782532 -3.833 0.0000
107.556320 -3.832 0.0000
108.335716 -3.831 0.0000
109.120758 -3.831 0.0000
109.911491 -3.831 0.0000
110.707954 -3.832 0.0000
111.510193 -3.833 0.0000
112.318245 -3.834 0.0000
113.132149 -3.834 0.0000
113.951950 -3.834 0.0000
114.777695 -3.834 0.0000
115.609421 -3.833 0.0000
116.447174 -3.830 0.0000
117.291000 -3.825 0.0000
118.140938 -3.818 0.0000
118.997032 -3.810 0.0000
119.859337 -3.800 0.0000
120.727890 -3.789 0.0000
121.602737 -3.777 0.0000
122.483917 -3.766 0.0000
123.371483 -3.754 0.0000
124.265480 -3.742 0.0000
125.165962 -3.730 0.0000
126.072968 -3.718 0.0000
126.986542 -3.706 0.0000
127.906738 -3.694 0.0000
128.833603 -3.682 0.0000
129.767181 -3.669 0.0000
130.707535 -3.656 0.0000
131.654694 -3.643 0.0000
132.608719 -3.629 0.0000
133.569656 -3.615 0.0000
134.537552 -3.601 0.0000
135.512466 -3.587 0.0000
136.494446 -3.575 0.0000
137.483536 -3.565 0.0000
138.479797 -3.558 0.0000
139.483276 -3.553 0.0000
140.494034 -3.550 0.0000
141.512115 -3.546 0.0000
142.537567 -3.541 0.0000
143.570450 -3.533 0.0000
144.610825 -3.523 0.0000
145.658737 -3.510 0.0000
146.714233 -3.496 0.0000
147.777390 -3.482 0.0000
148.848251 -3.470 0.0000
149.926865 -3.460 0.0000
151.013290 -3.452 0.0000
152.107590 -3.447 0.0000
153.209824 -3.445 0.0000
154.320038 -3.443 0.0000
155.438309 -3.442 0.0000
156.564682 -3.441 0.0000
157.699219 -3.441 0.0000
158.841965 -3.441 0.0000
159.992996 -3.441 0.0000
161.152374 -3.441 0.0000
162.320145 -3.441 0.0000
163.496384 -3.441 0.0000
164.681152 -3.441 0.0000
165.874496 -3.441 0.0000
167.076492 -3.442 0.0000
168.287201 -3.442 0.0000
169.506683 -3.443 0.0000
170.735001 -3.444 0.0000
171.972214 -3.447 0.0000
173.218399 -3.450 0.0000
174.473618 -3.454 0.0000
175.737930 -3.460 0.0000
177.011398 -3.467 0.0000
178.294098 -3.476 0.0000
179.586090 -3.486 0.0000
180.887451 -3.498 0.0000
182.198242 -3.510 0.0000
183.518524 -3.522 0.0000
184.848373 -3.533 0.0000
186.187866 -3.541 0.0000
187.537064 -3.547 0.0000
188.896042 -3.551 0.0000
190.264862 -3.554 0.0000
191.643600 -3.556 0.0000
193.032333 -3.558 0.0000
194.431122 -3.559 0.0000
195.840057 -3.560 0.0000
197.259201 -3.560 0.0000
198.688629 -3.560 0.0000
200.128403 -3.559 0.0000
201.578613 -3.559 0.0000
203.039337 -3.558 0.0000
204.510651 -3.558 0.0000
205.992615 -3.557 0.0000
207.485321 -3.557 0.0000
208.988846 -3.556 0.0000
210.503265 -3.556 0.0000
212.028656 -3.555 0.0000
213.565109 -3.555 0.0000
215.112686 -3.554 0.0000
216.671478 -3.554 0.0000
218.241562 -3.553 0.0000
219.823029 -3.553 0.0000
221.415955 -3.552 0.0000
223.020432 -3.552 0.0000
224.636536 -3.551 0.0000
226.264343 -3.551 0.0000
227.903946 -3.550 0.0000
229.555435 -3.549 0.0000
231.218887 -3.548 0.0000
232.894394 -3.548 0.0000
234.582047 -3.547 0.0000
236.281921 -3.546 0.0000
237.994110 -3.544 0.0000
239.718719 -3.542 0.0000
241.455826 -3.538 0.0000
243.205521 -3.533 0.0000
244.967896 -3.526 0.0000
246.743027 -3.517 0.0000
248.531021 -3.507 0.0000
250.331985 -3.495 0.0000
252.145996 -3.483 0.0000
253.973145 -3.469 0.0000
255.813538 -3.453 0.0000
257.667267 -3.436 0.0000
259.534424 -3.418 0.0000
261.415131 -3.399 0.0000
263.309448 -3.380 0.0000
265.217499 -3.362 0.0000
267.139374 -3.344 0.0000
269.075165 -3.326 0.0000
271.024994 -3.310 0.0000
272.988953 -3.294 0.0000
274.967133 -3.277 0.0000
276.959656 -3.260 0.0000
278.966614 -3.242 0.0000
280.988129 -3.223 0.0000
283.024292 -3.201 0.0000
285.075195 -3.178 0.0000
287.140961 -3.154 0.0000
289.221710 -3.130 0.0000
291.317535 -3.106 0.0000
293.428528 -3.081 0.0000
295.554840 -3.056 0.0000
297.696564 -3.030 0.0000
299.853790 -3.005 0.0000
302.026642 -2.979 0.0000
304.215240 -2.954 0.0000
306.419708 -2.929 0.0000
308.640137 -2.905 0.0000
310.876678 -2.880 0.0000
313.129425 -2.855 0.0000
315.398499 -2.829 0.0000
317.684021 -2.803 0.0000
319.986084 -2.776 0.0000
322.304840 -2.750 0.0000
324.640381 -2.724 0.0000
326.992859 -2.699 0.0000
329.362396 -2.674 0.0000
331.749084 -2.651 0.0000
334.153076 -2.628 0.0000
336.574493 -2.605 0.0000
339.013458 -2.582 0.0000
341.470093 -2.559 0.0000
343.944519 -2.537 0.0000
346.436890 -2.516 0.0000
348.947327 -2.496 0.0000
351.475952 -2.477 0.0000
354.022888 -2.459 0.0000
356.588287 -2.441 0.0000
359.172272 -2.425 0.0000
361.774994 -2.411 0.0000
364.396576 -2.398 0.0000
367.037140 -2.385 0.0000
369.696838 -2.372 0.0000
372.375824 -2.359 0.0000
375.074219 -2.346 0.0000
377.792175 -2.335 0.0000
380.529816 -2.325 0.0000
383.287292 -2.316 0.0000
386.064758 -2.307 0.0000
388.862335 -2.299 0.0000
391.680206 -2.292 0.0000
394.518494 -2.287 0.0000
397.377350 -2.282 0.0000
400.256897 -2.277 0.0000
403.157318 -2.273 0.0000
406.078766 -2.268 0.0000
409.021393 -2.263 0.0000
411.985321 -2.257 0.0000
414.970734 -2.250 0.0000
417.977783 -2.243 0.0000
421.006622 -2.235 0.0000
424.057404 -2.227 0.0000
427.130310 -2.218 0.0000
430.225464 -2.209 0.0000
433.343048 -2.199 0.0000
436.483215 -2.188 0.0000
439.646149 -2.176 0.0000
442.832001 -2.163 0.0000
446.040955 -2.149 0.0000
449.273163 -2.134 0.0000
452.528778 -2.118 0.0000
455.807983 -2.102 0.0000
459.110962 -2.085 0.0000
462.437866 -2.068 0.0000
465.788879 -2.049 0.0000
469.164185 -2.029 0.0000
472.563934 -2.007 0.0000
475.988342 -1.984 0.0000
479.437561 -1.959 0.0000
482.911774 -1.933 0.0000
486.411163 -1.907 0.0000
489.935913 -1.881 0.0000
493.486176 -1.854 0.0000
497.062195 -1.827 0.0000
500.664124 -1.800 0.0000
504.292145 -1.774 0.0000
507.946442 -1.747 0.0000
511.627228 -1.720 0.0000
515.334717 -1.694 0.0000
519.069031 -1.669 0.0000
522.830444 -1.645 0.0000
526.619080 -1.621 0.0000
530.435181 -1.597 0.0000
534.278931 -1.573 0.0000
538.150513 -1.548 0.0000
542.050171 -1.524 0.0000
545.978088 -1.499 0.0000
549.934448 -1.474 0.0000
553.919495 -1.449 0.0000
557.933411 -1.425 0.0000
561.976440 -1.403 0.0000
566.048767 -1.383 0.0000
570.150574 -1.366 0.0000
574.282104 -1.351 0.0000
578.443604 -1.339 0.0000
582.635254 -1.328 0.0000
586.857239 -1.319 0.0000
591.109863 -1.313 0.0000
595.393311 -1.309 0.0000
599.707764 -1.307 0.0000
604.053467 -1.305 0.0000
608.430664 -1.300 0.0000
612.839600 -1.290 0.0000
617.280518 -1.272 0.0000
621.753601 -1.249 0.0000
626.259094 -1.225 0.0000
630.797241 -1.202 0.0000
635.368286 -1.185 0.0000
639.972412 -1.170 0.0000
644.609924 -1.157 0.0000
649.281006 -1.146 0.0000
653.985962 -1.136 0.0000
658.725037 -1.126 0.0000
663.498413 -1.115 0.0000
668.306396 -1.103 0.0000
673.149231 -1.091 0.0000
678.027161 -1.078 0.0000
682.940430 -1.065 0.0000
687.889282 -1.050 0.0000
692.874023 -1.033 0.0000
697.894897 -1.014 0.0000
702.952148 -0.992 0.0000
708.046021 -0.968 0.0000
713.176819 -0.942 0.0000
718.344788 -0.915 0.0000
723.550232 -0.887 0.0000
728.793396 -0.857 0.0000
734.074524 -0.827 0.0000
739.393921 -0.796 0.0000
744.751892 -0.767 0.0000
750.148682 -0.738 0.0000
755.584595 -0.712 0.0000
761.059875 -0.687 0.0000
766.574829 -0.665 0.0000
772.129761 -0.643 0.0000
777.724915 -0.621 0.0000
783.360657 -0.600 0.0000
789.037231 -0.579 0.0000
794.754944 -0.559 0.0000
800.514038 -0.539 0.0000
806.314880 -0.518 0.0000
812.157776 -0.497 0.0000
818.043030 -0.476 0.0000
823.970886 -0.455 0.0000
829.941711 -0.433 0.0000
835.955811 -0.412 0.0000
842.013489 -0.390 0.0000
848.115051 -0.368 0.0000
854.260864 -0.346 0.0000
860.451172 -0.324 0.0000
866.686340 -0.302 0.0000
872.966736 -0.280 0.0000
879.292603 -0.258 0.0000
885.664307 -0.238 0.0000
892.082214 -0.218 0.0000
898.546631 -0.199 0.0000
905.057861 -0.181 0.0000
911.616272 -0.163 0.0000
918.222229 -0.146 0.0000
924.876038 -0.129 0.0000
931.578064 -0.112 0.0000
938.328674 -0.096 0.0000
945.128174 -0.082 0.0000
951.976990 -0.069 0.0000
958.875427 -0.057 0.0000
965.823853 -0.047 0.0000
972.822632 -0.038 0.0000
979.872131 -0.030 0.0000
986.972717 -0.022 0.0000
994.124756 -0.012 0.0000
1001.328613 0.000 0.0000
1008.584656 0.012 0.0000
1015.893250 0.025 0.0000
1023.254822 0.039 0.0000
1030.669800 0.055 0.0000
1038.138428 0.072 0.0000
1045.661255 0.090 0.0000
1053.238525 0.108 0.0000
1060.870728 0.126 0.0000
1068.558228 0.144 0.0000
1076.301392 0.163 0.0000
1084.100708 0.182 0.0000
1091.956543 0.201 0.0000
1099.869263 0.222 0.0000
1107.839355 0.245 0.0000
1115.867188 0.268 0.0000
1123.953247 0.293 0.0000
1132.097900 0.319 0.0000
1140.301514 0.348 0.0000
1148.564575 0.378 0.0000
1156.887573 0.411 0.0000
1165.270874 0.445 0.0000
1173.714966 0.481 0.0000
1182.220215 0.514 0.0000
1190.787109 0.549 0.0000
1199.416016 0.588 0.0000
1208.107422 0.632 0.0000
1216.861816 0.683 0.0000
1225.679688 0.740 0.0000
1234.561523 0.799 0.0000
1243.507690 0.861 0.0000
1252.518677 0.921 0.0000
1261.594971 0.983 0.0000
1270.737061 1.044 0.0000
1279.945312 1.106 0.0000
1289.220337 1.165 0.0000
1298.562500 1.225 0.0000
1307.972412 1.282 0.0000
1317.450562 1.341 0.0000
1326.997314 1.402 0.0000
1336.613281 1.466 0.0000
1346.298950 1.534 0.0000
1356.054810 1.605 0.0000
1365.881348 1.677 0.0000
1375.779053 1.747 0.0000
1385.748535 1.814 0.0000
1395.790283 1.879 0.0000
1405.904785 1.943 0.0000
1416.092529 2.006 0.0000
1426.354126 2.067 0.0000
1436.690063 2.128 0.0000
1447.100952 2.190 0.0000
1457.587280 2.254 0.0000
1468.149536 2.320 0.0000
1478.788330 2.389 0.0000
1489.504272 2.461 0.0000
1500.297852 2.533 0.0000
1511.169678 2.607 0.0000
1522.120239 2.682 0.0000
1533.150146 2.758 0.0000
1544.260010 2.835 0.0000
1555.450317 2.913 0.0000
1566.721802 2.992 0.0000
1578.074951 3.073 0.0000
1589.510376 3.153 0.0000
1601.028564 3.235 0.0000
1612.630249 3.314 0.0000
1624.316040 3.390 0.0000
1636.086548 3.463 0.0000
1647.942261 3.535 0.0000
1659.883911 3.605 0.0000
1671.912109 3.677 0.0000
1684.027466 3.751 0.0000
1696.230591 3.831 0.0000
1708.522217 3.914 0.0000
1720.902832 4.003 0.0000
1733.373169 4.093 0.0000
1745.933960 4.184 0.0000
1758.585693 4.275 0.0000
1771.329102 4.367 0.0000
1784.164917 4.458 0.0000
1797.093750 4.550 0.0000
1810.116211 4.643 0.0000
1823.233032 4.738 0.0000
1836.444946 4.833 0.0000
1849.752563 4.930 0.0000
1863.156616 5.028 0.0000
1876.657837 5.126 0.0000
1890.256836 5.225 0.0000
1903.954468 5.324 0.0000
1917.751343 5.423 0.0000
1931.648193 5.520 0.0000
1945.645752 5.616 0.0000
1959.744751 5.712 0.0000
1973.945923 5.807 0.0000
1988.250000 5.904 0.0000
2002.657715 6.002 0.0000
2017.169800 6.103 0.0000
2031.786987 6.208 0.0000
2046.510132 6.318 0.0000
2061.340088 6.432 0.0000
2076.277344 6.548 0.0000
2091.322998 6.667 0.0000
2106.477539 6.786 0.0000
2121.741943 6.908 0.0000
2137.116943 7.032 0.0000
2152.603271 7.167 0.0000
2168.201904 7.322 0.0000
2183.913574 7.486 0.0000
2199.739014 7.658 0.0000
2215.679199 7.826 0.0000
2231.734863 7.976 0.0000
2247.906982 8.114 0.0000
2264.196289 8.240 0.0000
2280.603516 8.358 0.0000
2297.129639 8.472 0.0000
2313.775635 8.584 0.0000
2330.542236 8.695 0.0000
2347.430420 8.806 0.0000
2364.440918 8.917 0.0000
2381.574707 9.029 0.0000
2398.832520 9.141 0.0000
2416.215332 9.252 0.0000
2433.724121 9.362 0.0000
2451.359863 9.468 0.0000
2469.123535 9.570 0.0000
2487.015869 9.666 0.0000
2505.037842 9.756 0.0000
2523.190430 9.837 0.0000
2541.474609 9.906 0.0000
2559.891113 9.965 0.0000
2578.441162 10.015 0.0000
2597.125488 10.061 0.0000
2615.945312 10.106 0.0000
2634.901611 10.150 0.0000
2653.995117 10.194 0.0000
2673.227051 10.240 0.0000
2692.598389 10.286 0.0000
2712.110107 10.335 0.0000
2731.763184 10.385 0.0000
2751.558594 10.439 0.0000
2771.497559 10.496 0.0000
2791.581055 10.555 0.0000
2811.810059 10.615 0.0000
2832.185547 10.675 0.0000
2852.708740 10.729 0.0000
2873.380615 10.778 0.0000
2894.202393 10.820 0.0000
2915.175049 10.858 0.0000
2936.299561 10.891 0.0000
2957.577148 10.922 0.0000
2979.009033 10.953 0.0000
3000.596191 10.982 0.0000
3022.339844 11.008 0.0000
3044.240967 11.032 0.0000
3066.300781 11.052 0.0000
3088.520508 11.069 0.0000
3110.901123 11.081 0.0000
3133.444092 11.087 0.0000
3156.150391 11.085 0.0000
3179.021240 11.075 0.0000
3202.057617 11.059 0.0000
3225.260986 11.037 0.0000
3248.632568 11.008 0.0000
3272.173584 10.974 0.0000
3295.885010 10.938 0.0000
3319.768311 10.899 0.0000
3343.824707 10.858 0.0000
3368.055420 10.817 0.0000
3392.461670 10.773 0.0000
3417.044922 10.729 0.0000
3441.806152 10.683 0.0000
3466.746826 10.638 0.0000
3491.868408 10.591 0.0000
3517.171875 10.544 0.0000
3542.658691 10.494 0.0000
3568.330322 10.443 0.0000
3594.187988 10.390 0.0000
3620.232910 10.337 0.0000
3646.466553 10.284 0.0000
3672.890381 10.231 0.0000
3699.505615 10.179 0.0000
3726.313721 10.127 0.0000
3753.316162 10.075 0.0000
3780.514160 10.023 0.0000
3807.909424 9.969 0.0000
3835.503174 9.913 0.0000
3863.296875 9.853 0.0000
3891.291992 9.790 0.0000
3919.489990 9.720 0.0000
3947.892334 9.646 0.0000
3976.500488 9.568 0.0000
4005.315918 9.490 0.0000
4034.340088 9.416 0.0000
4063.574463 9.346 0.0000
4093.020752 9.284 0.0000
4122.680664 9.226 0.0000
4152.555176 9.167 0.0000
4182.646484 9.109 0.0000
4212.955566 9.048 0.0000
4243.484375 8.985 0.0000
4274.234375 8.920 0.0000
4305.207031 8.854 0.0000
4336.404297 8.788 0.0000
4367.827637 8.724 0.0000
4399.478516 8.660 0.0000
4431.358887 8.598 0.0000
4463.470215 8.536 0.0000
4495.814453 8.476 0.0000
4528.393066 8.416 0.0000
4561.207520 8.357 0.0000
4594.259766 8.297 0.0000
4627.551758 8.236 0.0000
4661.084961 8.174 0.0000
4694.861328 8.111 0.0000
4728.882324 8.047 0.0000
4763.149902 7.984 0.0000
4797.665527 7.923 0.0000
4832.431152 7.865 0.0000
4867.448730 7.812 0.0000
4902.720215 7.763 0.0000
4938.247559 7.715 0.0000
4974.032227 7.669 0.0000
5010.076172 7.621 0.0000
5046.381348 7.574 0.0000
5082.949707 7.526 0.0000
5119.782715 7.479 0.0000
5156.882812 7.431 0.0000
5194.251953 7.383 0.0000
5231.891602 7.335 0.0000
5269.804199 7.287 0.0000
5307.991211 7.238 0.0000
5346.455078 7.191 0.0000
5385.197754 7.143 0.0000
5424.221191 7.097 0.0000
5463.527344 7.050 0.0000
5503.118164 7.004 0.0000
5542.996094 6.959 0.0000
5583.163086 6.916 0.0000
5623.621094 6.876 0.0000
5664.372070 6.838 0.0000
5705.418457 6.804 0.0000
5746.762207 6.771 0.0000
5788.405762 6.739 0.0000
5830.351074 6.706 0.0000
5872.600098 6.673 0.0000
5915.155273 6.638 0.0000
5958.019043 6.604 0.0000
6001.193359 6.568 0.0000
6044.680664 6.531 0.0000
6088.482910 6.493 0.0000
6132.602539 6.453 0.0000
6177.041992 6.413 0.0000
6221.803223 6.371 0.0000
6266.889160 6.330 0.0000
6312.301758 6.287 0.0000
6358.043457 6.243 0.0000
6404.116699 6.195 0.0000
6450.523438 6.145 0.0000
6497.266602 6.091 0.0000
6544.348633 6.037 0.0000
6591.771484 5.983 0.0000
6639.538086 5.929 0.0000
6687.650879 5.875 0.0000
6736.112305 5.821 0.0000
6784.924805 5.764 0.0000
6834.091309 5.705 0.0000
6883.613770 5.640 0.0000
6933.495117 5.571 0.0000
6983.738281 5.498 0.0000
7034.345215 5.422 0.0000
7085.318848 5.346 0.0000
7136.662109 5.269 0.0000
7188.377441 5.190 0.0000
7240.467285 5.110 0.0000
7292.934570 5.027 0.0000
7345.782227 4.941 0.0000
7399.012695 4.852 0.0000
7452.628906 4.760 0.0000
7506.633789 4.666 0.0000
7561.029785 4.569 0.0000
7615.820312 4.470 0.0000
7671.007812 4.372 0.0000
7726.595215 4.279 0.0000
7782.585449 4.189 0.0000
7838.981445 4.104 0.0000
7895.786133 4.018 0.0000
7953.002441 3.923 0.0000
8010.633301 3.825 0.0000
8068.681641 3.724 0.0000
8127.150391 3.626 0.0000
8186.042969 3.538 0.0000
8245.362305 3.459 0.0000
8305.111328 3.392 0.0000
8365.293945 3.328 0.0000
8425.912109 3.258 0.0000
8486.969727 3.184 0.0000
8548.469727 3.104 0.0000
8610.415039 3.018 0.0000
8672.809570 2.924 0.0000
8735.656250 2.829 0.0000
8798.958008 2.737 0.0000
8862.718750 2.649 0.0000
8926.941406 2.569 0.0000
8991.629883 2.489 0.0000
9056.787109 2.399 0.0000
9122.416016 2.303 0.0000
9188.520508 2.201 0.0000
9255.104492 2.099 0.0000
9322.170898 2.005 0.0000
9389.723633 1.915 0.0000
9457.765625 1.829 0.0000
9526.300781 1.745 0.0000
9595.332031 1.658 0.0000
9664.863281 1.570 0.0000
9734.898438 1.479 0.0000
9805.441406 1.385 0.0000
9876.496094 1.290 0.0000
9948.065430 1.190 0.0000
10020.153320 1.081 0.0000
10092.763672 0.962 0.0000
10165.900391 0.835 0.0000
10239.566406 0.701 0.0000
10313.766602 0.563 0.0000
10388.504883 0.422 0.0000
10463.784180 0.280 0.0000
10539.609375 0.137 0.0000
10615.983398 -0.007 0.0000
10692.911133 -0.149 0.0000
10770.396484 -0.289 0.0000
10848.443359 -0.425 0.0000
10927.055664 -0.559 0.0000
11006.237305 -0.693 0.0000
11085.993164 -0.832 0.0000
11166.327148 -0.982 0.0000
11247.243164 -1.158 0.0000
11328.745117 -1.346 0.0000
11410.837891 -1.539 0.0000
11493.525391 -1.731 0.0000
11576.812500 -1.910 0.0000
11660.703125 -2.078 0.0000
11745.201172 -2.233 0.0000
11830.311523 -2.379 0.0000
11916.039062 -2.517 0.0000
12002.387695 -2.653 0.0000
12089.362305 -2.799 0.0000
12176.966797 -2.943 0.0000
12265.206055 -3.082 0.0000
12354.084961 -3.206 0.0000
12443.607422 -3.300 0.0000
12533.779297 -3.378 0.0000
12624.604492 -3.450 0.0000
12716.087891 -3.518 0.0000
12808.234375 -3.587 0.0000
12901.047852 -3.656 0.0000
12994.534180 -3.727 0.0000
13088.698242 -3.799 0.0000
13183.543945 -3.872 0.0000
13279.077148 -3.945 0.0000
13375.302734 -4.019 0.0000
13472.225586 -4.093 0.0000
13569.850586 -4.168 0.0000
13668.183594 -4.245 0.0000
13767.228516 -4.324 0.0000
13866.991211 -4.406 0.0000
13967.477539 -4.489 0.0000
14068.691406 -4.575 0.0000
14170.638672 -4.663 0.0000
14273.325195 -4.758 0.0000
14376.755859 -4.862 0.0000
14480.935547 -4.976 0.0000
14585.870117 -5.096 0.0000
14691.565430 -5.231 0.0000
14798.026367 -5.388 0.0000
14905.258789 -5.564 0.0000
15013.268555 -5.764 0.0000
15122.060547 -5.975 0.0000
15231.641602 -6.181 0.0000
15342.016602 -6.392 0.0000
15453.191406 -6.607 0.0000
15565.171875 -6.838 0.0000
15677.963867 -7.100 0.0000
15791.573242 -7.381 0.0000
15906.005859 -7.676 0.0000
16021.267578 -7.980 0.0000
16137.364258 -8.280 0.0000
16254.302734 -8.582 0.0000
16372.087891 -8.882 0.0000
16490.726562 -9.190 0.0000
16610.224609 -9.516 0.0000
16730.589844 -9.854 0.0000
16851.826172 -10.215 0.0000
16973.941406 -10.569 0.0000
17096.941406 -10.890 0.0000
17220.832031 -11.171 0.0000
17345.621094 -11.400 0.0000
17471.314453 -11.575 0.0000
17597.917969 -11.686 0.0000
17725.439453 -11.747 0.0000
17853.884766 -11.773 0.0000
17983.261719 -11.758 0.0000
18113.576172 -11.706 0.0000
18244.833984 -11.601 0.0000
18377.042969 -11.430 0.0000
18510.210938 -11.190 0.0000
18644.343750 -10.872 0.0000
18779.449219 -10.489 0.0000
18915.533203 -10.055 0.0000
19052.603516 -9.570 0.0000
19190.666016 -9.023 0.0000
19329.730469 -8.466 0.0000
19469.800781 -7.960 0.0000
19610.886719 -7.468 0.0000
19752.996094 -7.048 0.0000
19896.134766 0.000 0.0000
