* Measurement data measured by REW V5.20.7
* Source: C:\Users\Angelo\Desktop\Crinacle IEM Target\Harman IE 2019 v2.txt
* Format: Comma/Tab/Space delimited data
* Dated: sep 27, 2022 2:32:55 p.m.
* REW Settings:
*  C-weighting compensation: Off
*  Target level: 75.0 dB
* Note: Measurement imported from C:\Users\Angelo\Desktop\Crinacle IEM Target\Harman IE 2019 v2.txt Format: Comma/Tab/Space delimited data 480 values loaded, 20 Hz to 19,967 Hz log spaced
* Measurement: Harman IE 2019 v2
* Smoothing: 1/48 octave
* Frequency Step: 96 ppo
* Start Frequency: 19.5 Hz
*
* Freq(Hz) SPL(dB)
19.500000 7.593
19.641306 7.600
19.783634 7.607
19.926994 7.614
20.071394 7.620
20.216839 7.626
20.363338 7.631
20.510900 7.637
20.659531 7.642
20.809238 7.648
20.960032 7.653
21.111916 7.659
21.264902 7.664
21.418997 7.668
21.574207 7.673
21.730543 7.678
21.888012 7.682
22.046621 7.687
22.206381 7.692
22.367298 7.696
22.529381 7.700
22.692638 7.703
22.857079 7.705
23.022711 7.708
23.189543 7.711
23.357584 7.714
23.526842 7.717
23.697327 7.719
23.869047 7.720
24.042011 7.721
24.216230 7.723
24.391710 7.724
24.568462 7.725
24.746496 7.726
24.925819 7.727
25.106441 7.728
25.288374 7.728
25.471624 7.728
25.656202 7.728
25.842117 7.728
26.029381 7.729
26.218000 7.729
26.407988 7.729
26.599350 7.729
26.792099 7.729
26.986246 7.728
27.181799 7.728
27.378769 7.728
27.577168 7.727
27.777002 7.727
27.978287 7.727
28.181028 7.726
28.385241 7.726
28.590931 7.725
28.798113 7.724
29.006796 7.724
29.216991 7.723
29.428709 7.723
29.641962 7.722
29.856760 7.721
30.073114 7.720
30.291037 7.718
30.510538 7.716
30.731630 7.714
30.954325 7.712
31.178633 7.710
31.404566 7.708
31.632135 7.705
31.861355 7.702
32.092236 7.699
32.324791 7.696
32.559029 7.692
32.794964 7.689
33.032608 7.685
33.271976 7.682
33.513081 7.677
33.755932 7.671
34.000542 7.665
34.246925 7.659
34.495094 7.652
34.745060 7.646
34.996838 7.639
35.250439 7.632
35.505878 7.624
35.763168 7.614
36.022324 7.604
36.283356 7.593
36.546280 7.582
36.811108 7.571
37.077858 7.560
37.346539 7.549
37.617168 7.537
37.889759 7.525
38.164326 7.512
38.440880 7.499
38.719437 7.486
39.000015 7.473
39.282627 7.460
39.567284 7.447
39.854004 7.433
40.142803 7.418
40.433693 7.402
40.726692 7.384
41.021816 7.366
41.319077 7.349
41.618492 7.331
41.920078 7.313
42.223850 7.295
42.529823 7.277
42.838013 7.255
43.148434 7.233
43.461105 7.210
43.776043 7.188
44.093262 7.165
44.412781 7.143
44.734615 7.119
45.058781 7.095
45.385296 7.069
45.714176 7.042
46.045441 7.015
46.379105 6.988
46.715187 6.961
47.053703 6.933
47.394672 6.904
47.738113 6.874
48.084042 6.843
48.432480 6.811
48.783443 6.779
49.136948 6.747
49.493015 6.715
49.851662 6.683
50.212906 6.651
50.576771 6.620
50.943272 6.589
51.312428 6.559
51.684258 6.528
52.058784 6.496
52.436024 6.464
52.815998 6.432
53.198723 6.399
53.584221 6.365
53.972515 6.330
54.363621 6.294
54.757561 6.258
55.154358 6.222
55.554028 6.185
55.956596 6.150
56.362080 6.119
56.770504 6.090
57.181885 6.060
57.596249 6.029
58.013615 5.999
58.434006 5.968
58.857441 5.938
59.283947 5.906
59.713543 5.872
60.146252 5.835
60.582096 5.793
61.021099 5.749
61.463284 5.703
61.908672 5.657
62.357288 5.611
62.809155 5.567
63.264294 5.526
63.722733 5.486
64.184494 5.448
64.649605 5.411
65.118080 5.373
65.589951 5.335
66.065239 5.296
66.543976 5.257
67.026184 5.217
67.511887 5.177
68.001106 5.136
68.493874 5.095
68.990211 5.053
69.490143 5.011
69.993698 4.969
70.500900 4.926
71.011780 4.883
71.526360 4.839
72.044670 4.795
72.566734 4.750
73.092583 4.705
73.622238 4.659
74.155739 4.613
74.693100 4.568
75.234360 4.527
75.779541 4.488
76.328674 4.449
76.881783 4.411
77.438896 4.373
78.000053 4.334
78.565277 4.295
79.134590 4.255
79.708031 4.215
80.285629 4.175
80.867409 4.135
81.453407 4.095
82.043655 4.054
82.638176 4.013
83.237007 3.971
83.840179 3.929
84.447723 3.887
85.059669 3.845
85.676048 3.802
86.296890 3.760
86.922234 3.716
87.552109 3.673
88.186546 3.629
88.825584 3.585
89.469254 3.541
90.117584 3.496
90.770615 3.451
91.428375 3.406
92.090904 3.360
92.758232 3.315
93.430397 3.268
94.107430 3.222
94.789368 3.175
95.476250 3.128
96.168114 3.081
96.864990 3.033
97.566917 2.985
98.273926 2.936
98.986061 2.887
99.703354 2.839
100.425842 2.795
101.153572 2.752
101.886574 2.710
102.624886 2.668
103.368546 2.626
104.117599 2.583
104.872078 2.539
105.632027 2.496
106.397476 2.452
107.168480 2.408
107.945068 2.364
108.727280 2.319
109.515160 2.274
110.308754 2.228
111.108093 2.182
111.913231 2.136
112.724197 2.090
113.541046 2.043
114.363808 1.996
115.192535 1.948
116.027267 1.900
116.868050 1.852
117.714920 1.803
118.567932 1.759
119.427124 1.717
120.292542 1.674
121.164230 1.632
122.042236 1.588
122.926605 1.545
123.817383 1.501
124.714615 1.457
125.618347 1.413
126.528633 1.368
127.445511 1.324
128.369034 1.278
129.299255 1.233
130.236206 1.187
131.179947 1.142
132.130524 1.098
133.087997 1.056
134.052414 1.014
135.023819 0.973
136.002258 0.932
136.987793 0.891
137.980469 0.848
138.980331 0.807
139.987442 0.768
141.001846 0.732
142.023605 0.697
143.052765 0.663
144.089386 0.628
145.133514 0.594
146.185211 0.559
147.244522 0.524
148.311523 0.489
149.386246 0.454
150.468765 0.419
151.559128 0.384
152.657394 0.348
153.763611 0.313
154.877838 0.278
156.000153 0.242
157.130600 0.206
158.269226 0.170
159.416107 0.133
160.571304 0.097
161.734863 0.062
162.906860 0.026
164.087357 -0.010
165.276398 -0.046
166.474060 -0.082
167.680405 -0.119
168.895493 -0.156
170.119385 -0.193
171.352142 -0.228
172.593826 -0.263
173.844513 -0.299
175.104263 -0.334
176.373138 -0.371
177.651215 -0.407
178.938553 -0.443
180.235214 -0.479
181.541275 -0.514
182.856796 -0.548
184.181854 -0.583
185.516510 -0.618
186.860840 -0.653
188.214905 -0.688
189.578781 -0.722
190.952545 -0.756
192.336273 -0.789
193.730026 -0.822
195.133881 -0.855
196.547897 -0.888
197.972168 -0.920
199.406754 -0.951
200.851730 -0.980
202.307190 -1.008
203.773193 -1.033
205.249817 -1.057
206.737137 -1.082
208.235245 -1.108
209.744202 -1.133
211.264099 -1.158
212.795013 -1.182
214.337021 -1.205
215.890198 -1.227
217.454620 -1.249
219.030380 -1.271
220.617569 -1.294
222.216248 -1.316
223.826523 -1.338
225.448456 -1.358
227.082153 -1.376
228.727692 -1.395
230.385147 -1.414
232.054611 -1.433
233.736176 -1.452
235.429932 -1.469
237.135956 -1.484
238.854340 -1.498
240.585175 -1.511
242.328552 -1.524
244.084564 -1.536
245.853302 -1.550
247.634857 -1.562
249.429321 -1.574
251.236786 -1.584
253.057358 -1.594
254.891113 -1.603
256.738159 -1.611
258.598602 -1.620
260.472504 -1.629
262.359985 -1.638
264.261139 -1.646
266.176086 -1.653
268.104919 -1.659
270.047729 -1.664
272.004608 -1.670
273.975677 -1.675
275.961029 -1.681
277.960754 -1.686
279.974976 -1.690
282.003784 -1.694
284.047302 -1.696
286.105621 -1.698
288.178864 -1.699
290.267120 -1.701
292.370514 -1.703
294.489166 -1.705
296.623169 -1.707
298.772614 -1.709
300.937653 -1.709
303.118378 -1.710
305.314911 -1.710
307.527344 -1.710
309.755829 -1.709
312.000458 -1.709
314.261353 -1.709
316.538605 -1.707
318.832367 -1.706
321.142761 -1.704
323.469879 -1.703
325.813873 -1.701
328.174866 -1.699
330.552948 -1.697
332.948273 -1.695
335.360962 -1.693
337.791138 -1.690
340.238922 -1.687
342.704437 -1.684
345.187805 -1.681
347.689178 -1.678
350.208679 -1.674
352.746429 -1.671
355.302582 -1.667
357.877258 -1.663
360.470581 -1.659
363.082703 -1.655
365.713745 -1.650
368.363861 -1.646
371.033173 -1.642
373.721832 -1.637
376.429962 -1.633
379.157715 -1.629
381.905243 -1.625
384.672699 -1.620
387.460205 -1.616
390.267914 -1.612
393.095947 -1.607
395.944489 -1.603
398.813660 -1.599
401.703613 -1.594
404.614532 -1.589
407.546539 -1.584
410.499786 -1.579
413.474426 -1.573
416.470642 -1.568
419.488556 -1.563
422.528351 -1.558
425.590179 -1.552
428.674194 -1.546
431.780548 -1.541
434.909393 -1.535
438.060913 -1.529
441.235291 -1.523
444.432678 -1.516
447.653229 -1.510
450.897095 -1.504
454.164490 -1.497
457.455566 -1.490
460.770477 -1.483
464.109406 -1.476
467.472534 -1.469
470.860046 -1.462
474.272095 -1.454
477.708862 -1.447
481.170532 -1.439
484.657288 -1.431
488.169312 -1.423
491.706787 -1.414
495.269897 -1.406
498.858826 -1.398
502.473755 -1.390
506.114899 -1.382
509.782410 -1.374
513.476501 -1.366
517.197388 -1.359
520.945190 -1.351
524.720154 -1.342
528.522522 -1.334
532.352417 -1.326
536.210083 -1.317
540.095703 -1.307
544.009460 -1.298
547.951599 -1.289
551.922302 -1.279
555.921753 -1.270
559.950195 -1.261
564.007812 -1.252
568.094849 -1.244
572.211487 -1.236
576.357971 -1.227
580.534485 -1.219
584.741272 -1.211
588.978577 -1.202
593.246582 -1.194
597.545471 -1.184
601.875549 -1.174
606.237000 -1.162
610.630066 -1.149
615.054932 -1.136
619.511902 -1.122
624.001160 -1.109
628.522949 -1.096
633.077515 -1.083
637.665039 -1.072
642.285828 -1.061
646.940125 -1.049
651.628113 -1.037
656.350098 -1.026
661.106262 -1.014
665.896912 -1.002
670.722290 -0.990
675.582642 -0.977
680.478210 -0.963
685.409241 -0.950
690.375977 -0.936
695.378723 -0.922
700.417725 -0.908
705.493225 -0.894
710.605530 -0.880
715.754883 -0.865
720.941528 -0.850
726.165771 -0.834
731.427856 -0.818
736.728088 -0.802
742.066711 -0.787
747.444031 -0.771
752.860291 -0.756
758.315857 -0.741
763.810913 -0.727
769.345825 -0.713
774.920837 -0.699
780.536255 -0.684
786.192322 -0.670
791.889404 -0.655
797.627747 -0.640
803.407715 -0.624
809.229553 -0.609
815.093567 -0.592
821.000061 -0.576
826.949341 -0.559
832.941772 -0.543
838.977600 -0.526
845.057190 -0.509
851.180847 -0.491
857.348877 -0.473
863.561584 -0.455
869.819336 -0.436
876.122375 -0.417
882.471130 -0.398
888.865906 -0.379
895.307007 -0.359
901.794800 -0.339
908.329590 -0.318
914.911743 -0.296
921.541565 -0.274
928.219421 -0.252
934.945679 -0.229
941.720703 -0.207
948.544800 -0.184
955.418335 -0.159
962.341675 -0.133
969.315186 -0.107
976.339233 -0.080
983.414185 -0.053
990.540405 -0.027
997.718262 0.000
1004.948120 0.027
1012.230408 0.053
1019.565430 0.080
1026.953613 0.107
1034.395386 0.134
1041.890991 0.161
1049.440918 0.189
1057.045654 0.218
1064.705444 0.248
1072.420776 0.280
1080.192017 0.313
1088.019531 0.346
1095.903809 0.380
1103.845215 0.414
1111.844116 0.449
1119.901001 0.485
1128.016235 0.523
1136.190308 0.564
1144.423584 0.606
1152.716553 0.648
1161.069580 0.690
1169.483154 0.733
1177.957764 0.776
1186.493774 0.819
1195.091553 0.863
1203.751709 0.907
1212.474609 0.951
1221.260742 0.995
1230.110474 1.040
1239.024414 1.085
1248.002930 1.132
1257.046509 1.183
1266.155640 1.236
1275.330688 1.290
1284.572266 1.345
1293.880859 1.400
1303.256836 1.455
1312.700806 1.511
1322.213135 1.567
1331.794434 1.623
1341.445190 1.680
1351.165894 1.737
1360.957031 1.794
1370.819092 1.852
1380.752563 1.911
1390.758057 1.968
1400.836060 2.025
1410.987061 2.081
1421.211670 2.136
1431.510376 2.190
1441.883667 2.244
1452.332153 2.299
1462.856323 2.355
1473.456787 2.411
1484.134033 2.467
1494.888672 2.524
1505.721191 2.584
1516.632324 2.646
1527.622437 2.711
1538.692261 2.775
1549.842285 2.839
1561.073120 2.905
1572.385254 2.970
1583.779419 3.036
1595.256104 3.103
1606.816040 3.174
1618.459717 3.246
1630.187744 3.319
1642.000732 3.393
1653.899292 3.468
1665.884155 3.543
1677.955811 3.618
1690.114990 3.695
1702.362305 3.774
1714.698364 3.854
1727.123779 3.937
1739.639282 4.020
1752.245483 4.103
1764.942993 4.188
1777.732544 4.273
1790.614746 4.359
1803.590332 4.446
1816.659912 4.535
1829.824219 4.626
1843.083862 4.718
1856.439575 4.810
1869.892090 4.903
1883.442139 4.996
1897.090332 5.091
1910.837402 5.187
1924.684082 5.283
1938.631104 5.381
1952.679199 5.480
1966.829102 5.579
1981.081543 5.677
1995.437256 5.775
2009.896973 5.869
2024.461548 5.954
2039.131592 6.037
2053.907959 6.122
2068.791504 6.208
2083.782715 6.295
2098.882568 6.382
2114.092041 6.469
2129.411621 6.555
2144.842285 6.641
2160.384766 6.727
2176.039795 6.814
2191.808350 6.901
2207.691162 6.989
2223.688965 7.077
2239.802734 7.163
2256.033203 7.248
2272.381348 7.332
2288.847900 7.416
2305.433838 7.501
2322.139893 7.586
2338.967041 7.669
2355.916260 7.750
2372.988281 7.824
2390.183838 7.895
2407.504150 7.962
2424.949951 8.028
2442.522217 8.096
2460.221680 8.163
2478.049561 8.230
2496.006592 8.294
2514.093750 8.355
2532.312012 8.412
2550.662109 8.467
2569.145264 8.521
2587.762451 8.576
2606.514404 8.632
2625.402344 8.687
2644.427002 8.741
2663.589600 8.789
2682.891113 8.834
2702.332520 8.878
2721.914795 8.922
2741.638916 8.966
2761.505859 9.011
2781.516846 9.056
2801.672852 9.095
2821.974854 9.122
2842.424072 9.144
2863.021484 9.167
2883.768066 9.189
2904.665039 9.212
2925.713379 9.236
2946.914307 9.260
2968.268799 9.283
2989.778076 9.304
3011.443359 9.323
3033.265625 9.340
3055.245850 9.357
3077.385498 9.373
3099.685547 9.387
3122.147217 9.401
3144.771484 9.412
3167.559814 9.419
3190.513184 9.422
3213.633057 9.422
3236.920410 9.421
3260.376465 9.420
3284.002441 9.420
3307.799561 9.419
3331.769287 9.416
3355.912598 9.411
3380.230957 9.403
3404.725586 9.391
3429.397705 9.377
3454.248535 9.365
3479.279541 9.352
3504.491943 9.339
3529.886963 9.325
3555.466064 9.308
3581.230469 9.288
3607.181641 9.265
3633.320801 9.240
3659.649414 9.217
3686.168701 9.192
3712.880127 9.168
3739.785156 9.144
3766.885254 9.118
3794.181641 9.092
3821.675781 9.066
3849.369141 9.039
3877.263184 9.012
3905.359375 8.985
3933.659180 8.958
3962.164062 8.931
3990.875488 8.902
4019.794922 8.872
4048.924072 8.840
4078.264160 8.808
4107.816895 8.775
4137.583984 8.742
4167.566406 8.709
4197.766113 8.675
4228.185059 8.641
4258.824219 8.606
4289.685547 8.570
4320.770508 8.534
4352.080566 8.497
4383.617676 8.459
4415.383301 8.422
4447.378906 8.384
4479.606445 8.346
4512.067383 8.307
4544.763672 8.268
4577.696777 8.229
4610.868652 8.189
4644.280762 8.149
4677.935059 8.109
4711.833496 8.068
4745.977539 8.027
4780.368652 7.987
4815.009277 7.945
4849.900879 7.904
4885.045410 7.863
4920.444336 7.821
4956.100098 7.778
4992.014160 7.737
5028.188477 7.699
5064.625000 7.663
5101.325195 7.627
5138.291504 7.591
5175.525879 7.554
5213.029785 7.517
5250.805664 7.480
5288.854980 7.443
5327.180176 7.404
5365.783203 7.365
5404.666016 7.325
5443.830566 7.285
5483.278809 7.245
5523.012695 7.205
5563.034668 7.165
5603.346680 7.126
5643.950684 7.090
5684.849121 7.054
5726.043945 7.018
5767.537109 6.983
5809.331055 6.948
5851.427734 6.912
5893.829590 6.876
5936.538574 6.839
5979.557129 6.801
6022.887695 6.755
6066.532227 6.698
6110.492676 6.636
6154.771973 6.576
6199.372070 6.516
6244.295410 6.455
6289.543945 6.395
6335.120605 6.336
6381.027344 6.279
6427.267090 6.220
6473.841797 6.162
6520.753906 6.103
6568.005859 6.044
6615.600098 5.985
6663.539551 5.923
6711.826172 5.855
6760.462891 5.782
6809.452148 5.707
6858.796387 5.630
6908.498047 5.552
6958.560059 5.474
7008.984863 5.396
7059.774902 5.314
7110.933105 5.226
7162.461914 5.133
7214.364258 5.035
7266.642578 4.934
7319.299805 4.834
7372.338379 4.733
7425.761230 4.632
7479.571289 4.530
7533.771484 4.430
7588.364258 4.331
7643.352539 4.232
7698.739258 4.134
7754.527344 4.034
7810.719727 3.933
7867.319336 3.832
7924.329102 3.729
7981.751953 3.624
8039.590820 3.515
8097.849121 3.399
8156.529297 3.280
8215.634766 3.161
8275.168945 3.042
8335.133789 2.922
8395.533203 2.800
8456.371094 2.677
8517.649414 2.551
8579.372070 2.419
8641.541992 2.284
8704.162109 2.148
8767.236328 2.012
8830.767578 1.874
8894.758789 1.736
8959.213867 1.595
9024.135742 1.451
9089.528320 1.305
9155.394531 1.157
9221.738281 1.007
9288.562500 0.856
9355.871094 0.704
9423.667969 0.550
9491.956055 0.395
9560.738281 0.237
9630.019531 0.078
9699.802734 -0.083
9770.091797 -0.246
9840.889648 -0.409
9912.201172 -0.571
9984.029297 -0.729
10056.377930 -0.881
10129.250977 -1.028
10202.651367 -1.171
10276.583984 -1.314
10351.052734 -1.459
10426.060547 -1.604
10501.612305 -1.751
10577.710938 -1.899
10654.361328 -2.048
10731.567383 -2.197
10809.333008 -2.348
10887.662109 -2.500
10966.558594 -2.653
11046.026367 -2.807
11126.070312 -2.963
11206.694336 -3.119
11287.902344 -3.274
11369.699219 -3.430
11452.088867 -3.588
11535.075195 -3.746
11618.663086 -3.907
11702.856445 -4.065
11787.660156 -4.217
11873.078125 -4.363
11959.115234 -4.503
12045.776367 -4.642
12133.065430 -4.780
12220.986328 -4.919
12309.544922 -5.060
12398.745117 -5.201
12488.591797 -5.342
12579.088867 -5.482
12670.242188 -5.622
12762.055664 -5.763
12854.535156 -5.905
12947.684570 -6.048
13041.508789 -6.190
13136.012695 -6.332
13231.201172 -6.470
13327.080078 -6.605
13423.653320 -6.736
13520.926758 -6.866
13618.905273 -6.998
13717.593750 -7.131
13816.997070 -7.265
13917.121094 -7.397
14017.970703 -7.527
14119.550781 -7.653
14221.867188 -7.776
14324.924805 -7.897
14428.729492 -8.020
14533.286133 -8.144
14638.600586 -8.269
14744.677734 -8.395
14851.523438 -8.519
14959.143555 -8.652
15067.543945 -8.801
15176.729492 -8.957
15286.706055 -9.116
15397.479492 -9.278
15509.055664 -9.441
15621.440430 -9.605
15734.639648 -9.768
15848.659180 -9.938
15963.504883 -10.123
16079.182617 -10.321
16195.699219 -10.533
16313.059570 -10.753
16431.271484 -10.977
16550.339844 -11.204
16670.269531 -11.430
16791.068359 -11.664
16912.744141 -11.909
17035.300781 -12.171
17158.746094 -12.456
17283.085938 -12.753
17408.326172 -13.059
17534.474609 -13.370
17661.537109 -13.680
17789.519531 -13.995
17918.429688 -14.317
18048.273438 -14.660
18179.058594 -15.039
18310.791016 -15.431
18443.478516 -15.824
18577.126953 -16.220
18711.744141 -16.618
18847.337891 -17.023
18983.914062 -17.439
19121.478516 -17.871
19260.041016 -18.323
19399.607422 -18.782
19540.185547 -19.246
19681.781250 -19.711
19824.404297 -20.177
19968.060547 0.000
