20.586656468939637, 64.12265097304889
21.50138587403984, 64.17748946699659
22.4567595618004, 64.21039256336522
23.454583484564985, 64.22684411154952
24.4967438387769, 64.2707149067077
25.585210630474954, 64.24877950912861
26.722041399215286, 64.21587641275998
27.909385107458867, 64.17748946699659
29.149486202776437, 64.16103791881228
30.44468886055003, 64.12813482244366
31.797441415190885, 64.0842640272855
33.210300988250275, 64.07329632849596
34.68593832217163, 64.00200628636395
36.22714282882151, 63.96910318999532
37.83682786234242, 63.90329699725808
39.518036226294996, 63.85942620209991
41.27394592549973, 63.79362000936267
43.10787617345103, 63.74974921420451
45.0232936666592, 63.68394302146727
47.02381913778136, 63.623620678124794
49.11323419992809, 63.56329833478232
51.295488495084236, 63.497492142045076
53.574707160156244, 63.44265364809738
55.95519862475936, 63.38781515414968
58.44146275548475, 63.31652511201766
61.038199362041844, 63.272654316859494
63.750317081355234, 63.20136427472748
66.58294265640963, 63.11910653380593
69.54143062738301, 63.031364943489606
72.63137345338673, 62.94362335317328
75.85861208394662, 62.83394636527788
79.22924700020754, 62.773624021935404
82.74964974673331, 62.72426937738247
86.42647497570059, 62.66943088343477
90.26667302625377, 62.60910854009229
94.27750306279994, 62.59814084130275
98.46654679707908, 62.52685079917074
102.84172281994898, 62.46652845582827
107.41130156997602, 62.37878686551194
112.18392096712695, 62.28007757640607
117.16860274111453, 62.21427138366883
122.37476948526302, 62.14846519093159
127.81226246812894, 62.06620745001003
133.49136023654893, 61.97846585969371
139.4227980452784, 61.89620811877216
145.61778814995048, 61.824918076640145
152.08804100171307, 61.753628034508125
158.84578738361108, 61.67685414298135
165.9038015305567, 61.58362870327025
173.27542527659216, 61.48491941416438
180.97459327509074, 61.375242426268976
189.01585933957003, 61.26008158897881
197.41442395490952, 61.14492075168863
206.18616301097865, 61.07363070955661
215.34765781298728, 61.068146860161846
224.9162264252919, 61.024276065003676
234.90995640790473, 61.024276065003676
245.34773900758628, 61.090082257740924
256.24930486815714, 61.14492075168863
267.635261327529, 61.16685614926771
279.5271313719598, 61.16685614926771
291.9473943211677, 61.16685614926771
304.91952832121177, 61.13395305289909
318.46805472546373, 61.11750150471478
332.6185844475663, 61.10653380592524
347.3978663739951, 61.029759914398454
362.8338379277444, 60.96395372166121
378.9556778787157, 60.903631378318735
395.7938615006334, 60.8542767337658
413.3802181787579, 60.876212131344886
431.7479915772872, 60.92008292650304
450.9319024801851, 60.96943757105598
470.96821442422237, 61.01879221560891
491.8948022482999, 61.07363070955661
513.7512236886316, 61.16137229987294
536.5787941551243, 61.26008158897881
560.4206648303087, 61.408145522637604
585.321904238443, 61.54524175750686
611.3295834389952, 61.59459640205979
638.4928650055291, 61.65491874540227
666.863095958206, 61.73169263692905
696.4939048255654, 61.81943422724537
727.4413030190628, 61.90169196816693
759.7637907119963, 61.9620143115094
793.5224674229632, 62.00588510666756
828.781147512885, 62.06620745001003
865.6064808139251, 62.104594395773425
904.0680786183302, 62.1265297933525
944.2386452653402, 62.15943288972113
986.194115574923, 62.20330368487929
1030.0137983881198, 62.208787534274066
1075.780526485327, 62.27459372701131
1123.580813165926, 62.35136761853809
1173.5050157852268, 62.5158831003812
1225.6475065578738, 62.702333979803385
1280.1068509505765, 62.94362335317328
1336.9859940013878, 63.25620276867519
1396.3924549177277, 63.596201431150945
1458.438530321011, 63.952651641811016
1523.2415065220553, 64.30361800307631
1590.9238812285605, 64.69845515949977
1661.613595103737, 65.13716311108139
1735.4442736138135, 65.57038721326825
1812.5554796215708, 65.9652243696917
1893.0929772034096, 66.3710292249047
1977.2090071886257, 66.74393098374908
2065.0625749417572, 67.13328429077778
2156.8197509319994, 67.65973383267573
2252.6539846578626, 68.19715107336322
2352.7464325204683, 68.59198822978666
2457.2863002652934, 68.97037383802582
2566.471200639665, 69.28295325352772
2680.507526942091, 69.49682337992377
2799.6108431695566, 69.69972580753027
2924.006291500293, 69.87520898816291
3053.929017882248, 69.9519828796897
3189.6246165318134, 69.87520898816291
3331.3495941830006, 69.7106935063198
3479.3718549646583, 69.43650103658129
3633.9712068223125, 69.05811542834215
3795.439890441877, 68.65231057312914
3964.0831316751314, 68.25198956731091
4140.219718511165, 67.85715241088745
4324.182603684474, 67.48425065204307
4516.319534058804, 67.10586504380392
4716.993707976511, 66.72747943556477
4926.584461815959, 66.32167458035177
5145.487987054848, 65.88296662877015
5374.118079194886, 65.43329097839899
5612.906919963522, 65.01651842439645
5862.3058942713415, 64.62168126797299
6122.786443469457, 64.23781181033907
6394.840956519722, 63.83749080452083
6678.983700762496, 63.431685949307834
6975.751794041277, 62.992977997726214
7285.706220021876, 62.5707215943289
7609.432888625425, 62.18685213669498
7947.543743579662, 61.97846585969371
8300.677919182244, 61.97298201029894
8669.502948462636, 62.13201364274728
9054.716025026411, 62.32394837156424
9457.04532096721, 62.47749615461781
9877.251363337708, 62.455560757038725
10316.128471781376, 61.89620811877216
10722.585783384795, 61.011741552101356
11064.595565346022, 60.08927974319535
11362.495140838939, 59.18279943823982
11632.237479512969, 58.17737482206151
11896.063412688763, 57.348040526984555
12394.670391713607, 56.461713368554804
12945.404285336957, 56.06687621213135
13520.609004887901, 55.7981675917876
14121.371865544443, 55.458168929311846
14748.828495291844, 55.08526717046747
15404.164981611404, 54.64107536949108
16088.620113553512, 53.977529592723876
16682.174525634546, 53.146726409416175
17131.319971587396, 52.273149200829266
17550.11913257164, 51.26302414231259
17849.355459581664, 50.33351166989902
18153.693881838262, 49.45335384203839
18418.68213993702, 48.499164047348366
18726.265491456415, 47.53087292564321
19006.168180147044, 46.61546178024477
19290.254592237943, 45.747055058230075
19659.81862589023, 44.79345281883234
19850.67155731716, 43.91740787801779
