* Measurement data measured by REW V5.20 Beta 61
* Source: /Users/theolee/Desktop/Photos/FR Graphs/precogcurve4.txt
* Format: Comma/Tab/Space delimited data
* Dated: Mar 30, 2021 12:20:08 AM
* REW Settings:
*  C-weighting compensation: Off
*  Target level: 75.0 dB
* Note: Measurement imported from /Users/theolee/Desktop/Photos/FR Graphs/precogcurve4.txt Format: Comma/Tab/Space delimited data 61 values loaded, 20 Hz to 20,040 Hz log spaced
* Measurement: precogcurve4
* Smoothing: 1/48 octave
* Frequency Step: 1/48 octave
* Start Frequency: 20.000 Hz
*
* Freq(Hz)	SPL(dB)	Phase(degrees)
20.000000	84.900002	12.2246
20.299999	84.897331	13.3877
20.600000	84.894836	14.5094
20.900000	84.892677	15.5675
21.200001	84.890953	16.5422
21.400000	84.890114	17.1366
21.799999	84.889290	18.1698
22.000000	84.889366	18.5994
22.400000	84.890915	19.2282
22.700001	84.896255	19.1370
23.000000	84.902573	18.8715
23.299999	84.909363	18.4917
23.600000	84.916412	18.0202
24.000000	84.925865	17.2849
24.299999	84.932800	16.6781
24.700001	84.941483	15.8289
25.000000	84.947357	15.1895
25.400000	84.951675	14.6019
25.799999	84.954887	14.0316
26.200001	84.957123	13.4723
26.500000	84.958153	13.0597
26.900000	84.958702	12.5187
27.200001	84.958511	12.1196
27.600000	84.957481	11.5960
28.000000	84.955559	11.0820
28.500000	84.951714	10.4512
29.000000	84.946716	9.8345
29.500000	84.940720	9.2315
30.000000	84.933769	8.6421
30.400000	84.927582	8.1801
30.700001	84.922600	7.8390
31.100000	84.915527	7.3915
31.500000	84.907990	6.9522
32.000000	84.898232	6.4181
32.500000	84.887856	5.8956
33.000000	84.876884	5.3841
33.500000	84.865326	4.8829
34.000000	84.853226	4.3913
34.500000	84.840622	3.9090
35.000000	84.827499	3.4354
35.500000	84.813927	2.9695
36.000000	84.800171	2.5069
36.500000	84.785965	2.0518
37.000000	84.771278	1.6045
37.500000	84.756104	1.1652
38.200001	84.734039	0.5634
38.700001	84.717667	0.1431
39.500000	84.690437	-0.5130
40.000000	84.672775	-0.9129
40.599998	84.650078	-1.3755
41.200001	84.626717	-1.8276
41.799999	84.602783	-2.2698
42.500000	84.574173	-2.7741
43.099998	84.549171	-3.1971
43.700001	84.523788	-3.6121
44.400002	84.493736	-4.0867
45.000000	84.467751	-4.4866
45.500000	84.446251	-4.8189
46.200001	84.415787	-5.2768
46.799999	84.389259	-5.6616
47.500000	84.357834	-6.1016
48.200001	84.325867	-6.5319
48.700001	84.302704	-6.8332
49.400002	84.269852	-7.2466
50.000000	84.241272	-7.5930
50.799999	84.202492	-8.0407
51.500000	84.168167	-8.4228
52.200001	84.133492	-8.7962
53.000000	84.093452	-9.2127
53.799999	84.053017	-9.6185
54.500000	84.017296	-9.9651
55.200001	83.981277	-10.3041
56.000000	83.939796	-10.6826
57.000000	83.887428	-11.1442
58.000000	83.834656	-11.5921
59.000000	83.781532	-12.0263
60.000000	83.728081	-12.4471
60.799999	83.685104	-12.7745
61.500000	83.647354	-13.0541
62.200001	83.609482	-13.3276
63.000000	83.566048	-13.6328
64.000000	83.511360	-14.0034
65.000000	83.456551	-14.3623
66.000000	83.401634	-14.7098
67.000000	83.346649	-15.0460
68.000000	83.291656	-15.3712
69.000000	83.236641	-15.6857
70.000000	83.181656	-15.9897
71.000000	83.126823	-16.2832
72.000000	83.072830	-16.5641
73.000000	83.018951	-16.8352
74.000000	82.965019	-17.0972
75.000000	82.911018	-17.3505
76.199997	82.846031	-17.6435
77.500000	82.775360	-17.9480
78.800003	82.704315	-18.2401
80.000000	82.638359	-18.4991
81.199997	82.572014	-18.7654
82.500000	82.499565	-19.0414
83.800003	82.426468	-19.3031
85.000000	82.358414	-19.5311
86.199997	82.289726	-19.7450
87.500000	82.214592	-19.9603
88.500000	82.156273	-20.1137
90.000000	82.066940	-20.3223
91.199997	81.985420	-20.4608
92.500000	81.896118	-20.5878
93.800003	81.807976	-20.6924
95.000000	81.728600	-20.7693
96.199997	81.651917	-20.8278
97.500000	81.572701	-20.8706
98.800003	81.498306	-20.8927
100.000000	81.435226	-20.8928
101.500000	81.386719	-20.7961
103.000000	81.344124	-20.6840
104.400002	81.307800	-20.5744
106.000000	81.268806	-20.4510
107.500000	81.233353	-20.3439
109.000000	81.197731	-20.2514
110.599998	81.158310	-20.1752
112.000000	81.120132	-20.1464
113.800003	81.051788	-20.2895
115.000000	81.002968	-20.4115
117.199997	80.909508	-20.6571
118.000000	80.874443	-20.7499
120.599998	80.757370	-21.0497
122.000000	80.692734	-21.2022
124.099998	80.594345	-21.4082
125.000000	80.552040	-21.4805
126.500000	80.484009	-21.5307
128.000000	80.415840	-21.5565
131.500000	80.255333	-21.5388
132.000000	80.232246	-21.5275
134.000000	80.139473	-21.4610
136.000000	80.046066	-21.3607
138.000000	79.951996	-21.2272
140.000000	79.855942	-21.0574
143.000000	79.693878	-20.7030
145.000000	79.586624	-20.4423
147.500000	79.455887	-20.0971
150.000000	79.330223	-19.7350
152.500000	79.210945	-19.3606
155.000000	79.099197	-18.9784
157.500000	78.996063	-18.5920
160.000000	78.902458	-18.2050
162.500000	78.860168	-17.8514
165.000000	78.827126	-17.4995
167.500000	78.800468	-17.1499
170.000000	78.777573	-16.8029
172.500000	78.756042	-16.4591
175.000000	78.733673	-16.1188
177.500000	78.708458	-15.7824
180.000000	78.675690	-15.4549
182.500000	78.606277	-15.1808
185.000000	78.528023	-14.9096
187.500000	78.445366	-14.6312
190.000000	78.359726	-14.3410
192.500000	78.272469	-14.0346
195.000000	78.184784	-13.7080
197.500000	78.097794	-13.3574
200.000000	78.013008	-12.9770
203.000000	77.931885	-12.3872
206.000000	77.853981	-11.7656
209.000000	77.778397	-11.1205
212.000000	77.704689	-10.4572
214.000000	77.656342	-10.0073
218.000000	77.561127	-9.0950
220.000000	77.514030	-8.6351
224.000000	77.419693	-7.7139
227.000000	77.343155	-7.0274
230.000000	77.266350	-6.3467
233.000000	77.190231	-5.6744
236.000000	77.115089	-5.0134
240.000000	77.016846	-4.1540
243.000000	76.944893	-3.5288
247.000000	76.851677	-2.7253
250.000000	76.784111	-2.1475
254.000000	76.698532	-1.4120
258.000000	76.616859	-0.7198
262.000000	76.539146	-0.0739
265.000000	76.483551	0.3783
269.000000	76.413109	0.9363
272.000000	76.363113	1.3198
276.000000	76.300278	1.7830
280.000000	76.241989	2.1872
285.000000	76.176483	2.5908
290.000000	76.117584	2.9089
295.000000	76.065086	3.1450
300.000000	76.018913	3.3003
304.000000	75.986427	3.3674
307.000000	75.964622	3.3847
311.000000	75.938942	3.3646
315.000000	75.917328	3.2878
320.000000	75.900360	2.9666
325.000000	75.888580	2.5868
330.000000	75.881180	2.1740
335.000000	75.877563	1.7447
340.000000	75.877205	1.3138
345.000000	75.879646	0.8950
350.000000	75.884407	0.5007
355.000000	75.890869	0.1599
360.000000	75.896645	0.0251
365.000000	75.903648	-0.0544
370.000000	75.911980	-0.1022
375.000000	75.921539	-0.1236
382.000000	75.936768	-0.1189
387.000000	75.948853	-0.0970
395.000000	75.969955	-0.0415
400.000000	75.984169	-0.0014
406.000000	76.002541	-0.0049
412.000000	76.021759	-0.0077
418.000000	76.041641	-0.0089
425.000000	76.065498	-0.0087
431.000000	76.086357	-0.0075
437.000000	76.107452	-0.0055
444.000000	76.132248	-0.0026
450.000000	76.153534	-0.0002
455.000000	76.171211	0.0000
462.000000	76.195847	0.0000
468.000000	76.216690	0.0000
475.000000	76.240585	0.0000
482.000000	76.263885	0.0000
487.000000	76.280106	0.0000
494.000000	76.302116	0.0000
500.000000	76.320305	0.0000
508.000000	76.344040	0.0000
515.000000	76.363724	0.0000
522.000000	76.382248	0.0000
530.000000	76.401894	0.0000
538.000000	76.419754	0.0000
545.000000	76.433823	0.0000
552.000000	76.446365	0.0000
560.000000	76.458633	0.0000
570.000000	76.469849	0.0000
580.000000	76.477844	0.0000
590.000000	76.482826	0.0000
600.000000	76.484818	0.0000
608.000000	76.484314	0.0000
615.000000	76.482346	0.0000
622.000000	76.478996	0.0000
630.000000	76.473373	0.0000
640.000000	76.461739	0.0000
650.000000	76.447639	0.0000
660.000000	76.431496	0.0000
670.000000	76.413544	0.0000
680.000000	76.394028	0.0000
690.000000	76.373169	0.0000
700.000000	76.351151	0.0000
710.000000	76.328018	0.0000
720.000000	76.302490	0.0000
730.000000	76.276337	0.0000
740.000000	76.250046	0.0000
750.000000	76.223892	0.0000
762.000000	76.193031	0.0000
775.000000	76.160690	0.0000
788.000000	76.129951	0.0000
800.000000	76.103294	0.0000
812.000000	76.077362	0.0000
825.000000	76.051987	0.0000
838.000000	76.029976	0.0000
850.000000	76.012970	0.0000
862.000000	75.999451	0.0000
875.000000	75.989044	0.0000
885.000000	75.984238	0.0000
900.000000	75.982666	0.0000
912.000000	75.988808	0.0000
925.000000	76.001831	0.0000
938.000000	76.021355	0.0000
950.000000	76.045128	0.0000
962.000000	76.074417	0.0000
975.000000	76.112343	0.0000
988.000000	76.156693	0.0000
1000.000000	76.203636	0.0000
1015.000000	76.274712	0.0000
1030.000000	76.352539	0.0000
1044.000000	76.430420	0.0000
1060.000000	76.524971	0.0000
1075.000000	76.618446	0.0000
1090.000000	76.716080	0.0000
1106.000000	76.824249	0.0000
1120.000000	76.922104	0.0000
1138.000000	77.053535	0.0000
1150.000000	77.143234	0.0000
1172.000000	77.310791	0.0000
1180.000000	77.372444	0.0000
1206.000000	77.574432	0.0000
1220.000000	77.683655	0.0000
1241.000000	77.847298	0.0000
1250.000000	77.916626	0.0000
1265.000000	78.027817	0.0000
1280.000000	78.137848	0.0000
1315.000000	78.391968	0.0000
1320.000000	78.428001	0.0000
1340.000000	78.571426	0.0000
1360.000000	78.713844	0.0000
1380.000000	78.855331	0.0000
1400.000000	78.995697	0.0000
1430.000000	79.201111	0.0000
1450.000000	79.336868	0.0000
1475.000000	79.505760	0.0000
1500.000000	79.674088	0.0000
1525.000000	79.842194	0.0000
1550.000000	80.010323	0.0000
1575.000000	80.178787	0.0000
1600.000000	80.348030	0.0000
1625.000000	80.527435	0.0000
1650.000000	80.707954	0.0000
1675.000000	80.888672	0.0000
1700.000000	81.068970	0.0000
1725.000000	81.248283	0.0000
1750.000000	81.426132	0.0000
1775.000000	81.602005	0.0000
1800.000000	81.776108	0.0000
1825.000000	81.956261	0.0000
1850.000000	82.132530	0.0000
1875.000000	82.302925	0.0000
1900.000000	82.466171	0.0000
1925.000000	82.621124	0.0000
1950.000000	82.766739	0.0000
1975.000000	82.902008	0.0000
2000.000000	83.027206	0.0000
2030.000000	83.182907	0.0000
2060.000000	83.320747	0.0000
2090.000000	83.436478	0.0000
2120.000000	83.527321	0.0000
2140.000000	83.572739	0.0000
2180.000000	83.624268	0.0000
2200.000000	83.629082	0.0000
2240.000000	83.584152	0.0000
2270.000000	83.429443	0.0000
2300.000000	83.234947	0.0000
2330.000000	83.016998	0.0000
2360.000000	82.781494	0.0000
2400.000000	82.449516	0.0000
2430.000000	82.193497	0.0000
2470.000000	81.851509	0.0000
2500.000000	81.603775	0.0000
2540.000000	81.336060	0.0000
2580.000000	81.087029	0.0000
2620.000000	80.853760	0.0000
2650.000000	80.689682	0.0000
2690.000000	80.486038	0.0000
2720.000000	80.345009	0.0000
2760.000000	80.173088	0.0000
2800.000000	80.022858	0.0000
2850.000000	79.892540	0.0000
2900.000000	79.788368	0.0000
2950.000000	79.703575	0.0000
3000.000000	79.634529	0.0000
3040.000000	79.588455	0.0000
3070.000000	79.558212	0.0000
3110.000000	79.522484	0.0000
3150.000000	79.488892	0.0000
3200.000000	79.425644	0.0000
3250.000000	79.365929	0.0000
3300.000000	79.312416	0.0000
3350.000000	79.265739	0.0000
3400.000000	79.226509	0.0000
3450.000000	79.195236	0.0000
3500.000000	79.172417	0.0000
3550.000000	79.159111	0.0000
3600.000000	79.162827	0.0000
3650.000000	79.175957	0.0000
3700.000000	79.197426	0.0000
3750.000000	79.226868	0.0000
3820.000000	79.280807	0.0000
3870.000000	79.328003	0.0000
3950.000000	79.417625	0.0000
4000.000000	79.481483	0.0000
4060.000000	79.556366	0.0000
4120.000000	79.640518	0.0000
4180.000000	79.735062	0.0000
4250.000000	79.859100	0.0000
4310.000000	79.977684	0.0000
4370.000000	80.107956	0.0000
4440.000000	80.275162	0.0000
4500.000000	80.436295	0.0000
4550.000000	80.675827	0.0000
4620.000000	81.023209	0.0000
4680.000000	81.313507	0.0000
4750.000000	81.630272	0.0000
4820.000000	81.910004	0.0000
4870.000000	82.079910	0.0000
4940.000000	82.266830	0.0000
5000.000000	82.354965	0.0000
5080.000000	82.168167	0.0000
5150.000000	81.934929	0.0000
5220.000000	81.663132	0.0000
5300.000000	81.318970	0.0000
5380.000000	80.953133	0.0000
5450.000000	80.625877	0.0000
5520.000000	80.300713	0.0000
5600.000000	79.953102	0.0000
5700.000000	79.681252	0.0000
5800.000000	79.449188	0.0000
5900.000000	79.241562	0.0000
6000.000000	79.055214	0.0000
6080.000000	78.919533	0.0000
6150.000000	78.809395	0.0000
6220.000000	78.706375	0.0000
6300.000000	78.596191	0.0000
6400.000000	78.466103	0.0000
6500.000000	78.345047	0.0000
6600.000000	78.231613	0.0000
6700.000000	78.124382	0.0000
6800.000000	78.021980	0.0000
6900.000000	77.923233	0.0000
7000.000000	77.826981	0.0000
7100.000000	77.730957	0.0000
7200.000000	77.621452	0.0000
7300.000000	77.511909	0.0000
7400.000000	77.403961	0.0000
7500.000000	77.298042	0.0000
7620.000000	77.174088	0.0000
7750.000000	77.044312	0.0000
7880.000000	76.919815	0.0000
8000.000000	76.811127	0.0000
8120.000000	76.727486	0.0000
8250.000000	76.641930	0.0000
8380.000000	76.558502	0.0000
8500.000000	76.481834	0.0000
8620.000000	76.404144	0.0000
8750.000000	76.317467	0.0000
8850.000000	76.248184	0.0000
9000.000000	76.137772	0.0000
9120.000000	76.021629	0.0000
9250.000000	75.888573	0.0000
9380.000000	75.750282	0.0000
9500.000000	75.619034	0.0000
9620.000000	75.485229	0.0000
9750.000000	75.338341	0.0000
9880.000000	75.190384	0.0000
10000.000000	75.053635	0.0000
10150.000000	74.883575	0.0000
10300.000000	74.715561	0.0000
10440.000000	74.561386	0.0000
10600.000000	74.389175	0.0000
10750.000000	74.232430	0.0000
10900.000000	74.080910	0.0000
11060.000000	73.925774	0.0000
11200.000000	73.797256	0.0000
11380.000000	73.653091	0.0000
11500.000000	73.563026	0.0000
11720.000000	73.407791	0.0000
11800.000000	73.354256	0.0000
12060.000000	73.189911	0.0000
12200.000000	73.106949	0.0000
12410.000000	72.988937	0.0000
12500.000000	72.940331	0.0000
12650.000000	72.860863	0.0000
12800.000000	72.784172	0.0000
13150.000000	72.615433	0.0000
13200.000000	72.592392	0.0000
13400.000000	72.502647	0.0000
13600.000000	72.416451	0.0000
13800.000000	72.333466	0.0000
14000.000000	72.253044	0.0000
14300.000000	72.131973	0.0000
14500.000000	72.053856	0.0000
14750.000000	71.959427	0.0000
15000.000000	71.868584	0.0000
15250.000000	71.781372	0.0000
15500.000000	71.697792	0.0000
15750.000000	71.617859	0.0000
16000.000000	71.541847	0.0000
16250.000000	71.474976	0.0000
16500.000000	71.412048	0.0000
16750.000000	71.352287	0.0000
17000.000000	71.295181	0.0000
17250.000000	71.240280	0.0000
17500.000000	71.187157	0.0000
17750.000000	71.135429	0.0000
18000.000000	71.085571	0.0000
18250.000000	71.061447	0.0000
18500.000000	71.043549	0.0000
18750.000000	71.030029	0.0000
19000.000000	71.020027	0.0000
19250.000000	71.012741	0.0000
19500.000000	71.007431	0.0000
19750.000000	71.003395	0.0000
20000.000000	71.000275	0.0000
