21.14780161714011, 67.90659041394336
22.1170527142614, 67.98474945533769
23.1307267592748, 68.06849128540306
24.19085975534325, 68.13548474945534
25.299581020213175, 68.22480936819173
26.459117463030758, 68.30855119825708
27.671798057174325, 68.37554466230938
28.94005851808658, 68.43137254901961
30.26644619550244, 68.51511437908498
31.653625189898573, 68.54861111111111
33.1043817034413, 68.62677015250546
34.6216296361804, 68.63235294117648
36.20841643872905, 68.63235294117648
37.86792923318512, 68.67701525054467
39.603501214588064, 68.65468409586057
41.418618345768856, 68.63235294117648
43.316926359039954, 68.63235294117648
45.30223807878832, 68.57094226579521
47.37854107967932, 68.520697167756
49.550005695853244, 68.43137254901961
51.82099339720122, 68.34204793028323
54.19606554954464, 68.24714052287582
56.67999257631315, 68.12990196078432
59.277763540123054, 67.99591503267975
61.99459616350048, 67.86751089324619
64.83594730887741, 67.73352396514161
67.80752393890849, 67.58278867102396
70.91529457912475, 67.43205337690632
74.16550130594531, 67.27015250544663
77.5646722841276, 67.08592047930284
81.11963487883583, 66.9128540305011
84.83752936866621, 66.72303921568628
88.72582328716945, 66.52205882352942
92.79232642167868, 66.31549564270153
97.04520649956599, 66.10893246187365
101.49300559343644, 65.88562091503269
106.14465727820753, 65.63439542483661
111.00950457453754, 65.40550108932463
116.09731871463968, 65.13194444444446
121.41831876817733, 64.8863017429194
126.98319216765611, 64.61274509803923
132.80311617454257, 64.33360566448803
138.88978032922117, 64.06004901960785
145.25540992988505, 63.78649237472767
151.9127905875149, 63.50735294117648
158.8752939062698, 63.25054466230938
166.15690434086505, 62.99373638344227
173.77224728488696, 62.76484204793029
181.73661844645477, 62.524782135076265
190.0660145702379, 62.301470588235304
198.7771655675296, 62.0893246187364
207.88756811891506, 61.86601307189544
217.41552081702545, 61.65944989106754
227.3801609199618, 61.45846949891068
237.80150278921164, 61.29656862745099
248.70047808926026, 61.134667755991295
260.09897782964134, 61.00626361655774
272.01989633386916, 60.88344226579522
284.4871772235639, 60.79411764705883
297.5258615101328, 60.70479302832244
311.16213789060174, 60.63221677559914
325.42339534861713, 60.58755446623095
340.3382781662687, 60.503812636165584
355.936743457227, 60.492647058823536
372.25012133675466, 60.40332244008715
389.31117784944445, 60.39215686274511
407.1541807810745, 60.39215686274511
425.8149684867684, 60.39215686274511
445.3310218737056, 60.47031590413944
465.74153968296065, 60.492647058823536
487.08751722167574, 60.53172657952071
509.41182870370517, 60.59313725490197
532.7593133641176, 60.59313725490197
557.1768655205192, 60.660130718954264
582.7135287620861, 60.6936274509804
609.4205944554922, 60.74387254901961
637.3517047655845, 60.79411764705883
666.5629603977291, 60.87785947712419
697.1130332782261, 60.94485294117648
729.0632843991204, 61.023011982570814
762.4778870641067, 61.09558823529413
797.423955783071, 61.17374727668846
833.9716810741537, 61.196078431372555
872.1944704440937, 61.251906318082796
912.1690958300195, 61.302151416122015
953.9758477988294, 61.39705882352942
997.6986968138697, 61.51988017429195
1043.425461892826, 61.66503267973857
1091.2479869955873, 61.85484749455338
1141.2623254963614, 62.0893246187364
1193.5689331105552, 62.312636165577345
1248.2728696639263, 62.5806100217865
1305.484010109271, 62.8374183006536
1365.3172652144801, 63.10539215686275
1427.8928123652177, 63.362200435729854
1493.3363369458011, 63.641339869281055
1561.7792847831156, 63.95955882352942
1633.3591261605966, 64.33360566448803
1708.2196319325599, 64.75231481481482
1786.5111622934678, 65.19335511982571
1868.3909687821447, 65.61206427015252
1954.0235101275218, 66.01402505446623
2043.5807825702966, 66.37132352941177
2137.242665323956, 66.73420479302833
2235.197281869096, 67.11383442265796
2337.641377806625, 67.53254357298475
2444.7807160288494, 67.95125272331155
2556.8304900021103, 68.31413398692811
2674.015755991135, 68.5932734204793
2796.571885093149, 68.78308823529412
2924.7450359897553, 68.91707516339869
3058.7926493660552, 69.01756535947713
3198.9839649901655, 69.01756535947713
3345.600562491585, 68.88916122004358
3498.9369269246854, 68.65468409586057
3659.301040253196, 68.34204793028323
3827.014999943825, 67.96800108932462
4002.4156659113346, 67.54929193899783
4185.855337114604, 67.10825163398694
4377.702459162553, 66.62813180827888
4578.34236435132, 66.13126361655775
4788.178045618906, 65.61764705882354
5007.630965971957, 65.1431100217865
5237.1419050103195, 64.69648692810458
5477.171844249817, 64.25544662309369
5728.202893021252, 63.7697440087146
5990.73925680549, 63.362200435729854
6265.308249949445, 63.02723311546842
6552.461354797217, 62.748093681917226
6852.7753293634705, 62.54153050108933
7166.853365774034, 62.36846405228759
7495.326301800338, 62.22331154684097
7838.85388792134, 61.96650326797386
8198.126112457589, 61.52546296296297
8573.86458743923, 60.86669389978215
8966.82399799136, 60.152096949891074
9377.793618148118, 59.47099673202615
9807.598896139762, 58.812227668845324
10257.1031123371, 58.1534586056645
10727.209113183126, 57.528186274509814
11218.861124594807, 56.958741830065364
11733.04664847695, 56.467456427015264
12270.798446157653, 55.98175381263617
12833.196612728918, 55.50163398692811
13421.37074645917, 55.027096949891074
14036.502217634576, 54.56372549019609
14679.826541386583, 54.11710239651417
15352.635859271286, 53.64814814814816
16056.281534585434, 53.145697167756005
16792.176866631286, 52.632080610021795
17561.799929382465, 52.10171568627452
18366.69654025205, 51.54901960784315
18923.686037301617, 51.281045751634
